0.995057 1.02138 -0.0119311
1.01897 0.991956 -0.00306799
0.996069 0.989174 -0.00586275
1.01207 0.991476 -0.014263
1.006 0.968288 -0.0115789
1.00711 0.965085 -0.0138036
1.00096 0.964907 -0.0162974
0.994766 0.964303 -0.0128119
0.99508 0.973254 -0.0152072
0.99097 0.987621 -0.0136557
0.996795 0.996492 -0.0153112
0.990558 0.992486 -0.0110378
0.99633 0.99082 -0.0171334
0.995525 0.986075 -0.0187602
0.997266 0.987499 -0.0129829
1.0071 0.994048 -0.0130775
1.0041 0.994667 -0.0083529
1.00094 0.992067 -0.000108194
1.00562 0.991276 0.00151496
1.00679 0.989374 -0.00228747
1.00924 0.990383 0.0023648
1.00515 0.985615 0.00118654
1.00198 0.98668 0.00304437
0.993533 0.992004 0.00260632
0.999164 0.990311 -0.00123016
0.994638 0.988249 -0.00805184
0.999644 0.986651 -0.00482842
1.00226 0.98015 -0.00535088
0.996883 0.977633 -0.00112297
0.999525 0.975452 0.00309178
1.00151 0.975254 0.000651614
1.00392 0.969535 0.000492152
1.0022 0.973089 0.00527568
1.00396 0.975642 0.00918952
1.00115 0.970397 0.0103598
1.00472 0.967772 0.00712452
1.00591 0.969384 0.0118605
1.00706 0.967748 0.0133946
1.00585 0.971745 0.0148938
1.00569 0.969766 0.0186673
1.00272 0.968145 0.0152637
0.999756 0.96862 0.0146897
0.995819 0.968538 0.0136272
1.00111 0.971424 0.0129379
1.00315 0.967484 0.0153219
1.00037 0.969809 0.0151242
1.00737 0.974978 0.0144518
1.00869 0.982115 0.0167615
1.00921 0.983794 0.0132301
1.01276 0.984581 0.0107604
1.01441 0.98663 0.00898537
1.01366 0.988964 0.00743055
1.00753 0.991587 0.00943623
1.00253 0.992707 0.0117735
1.00274 0.998389 0.0124138
1.00615 0.995256 0.0129618
1.00231 0.996303 0.00906632
1.00392 0.997753 0.00843496
1.00286 0.995696 0.00789844
1.00307 0.99554 0.0106912
1.00373 0.994732 0.00775282
1.00401 0.99602 0.00608201
1.00382 0.991994 0.00691241
1.00459 0.995132 0.00653073
0.999837 0.994414 0.00639371
0.995844 0.99427 0.00541038
0.993558 0.99434 0.00439854
0.989718 0.990635 0.00582729
0.986699 0.994066 0.0048171
0.988715 0.99469 0.00537005
0.986407 1.00075 0.0053258
0.987769 1.00168 0.00606735
0.990638 1.00145 0.00552019
0.987286 1.00041 0.00582819
0.993977 1.004 0.00775688
0.993259 1.00389 0.00761609
0.992938 0.999745 0.00714642
0.991853 0.999565 0.00664182
0.994962 1.00241 0.00721972
0.991089 1.00532 0.00652325
0.98935 1.00404 0.00762153
0.988279 1.00313 0.00808947
0.984771 1.00277 0.00637804
0.986885 1.00427 0.0071564
0.98928 1.00086 0.00874421
0.991364 1.00304 0.00974364
0.990792 1.0032 0.00913795
0.993024 1.00688 0.00835302
0.994802 1.00795 0.00816609
0.994838 1.00252 0.0090251
0.993447 1.00245 0.0081606
0.992479 1.00289 0.00454029
0.992395 1.00013 0.00226013
0.991121 1.0012 0.00220952
0.994123 0.999992 0.00230227
0.993758 0.999724 0.00464572
0.997766 0.995859 0.00502277
1.0008 0.99513 0.00266001
1.00403 0.997179 0.00443962
1.00173 0.998092 0.00161256
0.997751 0.996824 0.00231619
0.996093 0.99573 0.0022097
1.00019 0.992946 0.000140064
0.998675 0.992795 -0.00127108
0.998388 0.990442 -7.52065e-05
0.99858 0.992005 0.00129327
0.999247 0.991741 0.00168827
0.9983 0.989921 0.00106129
0.996548 0.99229 0.000543808
0.996557 0.992826 0.00235181
0.997347 0.992065 0.000710742
0.998899 0.990307 0.000192554
0.998945 0.992433 -0.00226248
0.999214 0.99281 -0.00117002
0.995062 0.995772 -0.000869891
0.993382 0.997352 -0.000949708
0.988636 0.996223 -0.00108541
0.990472 0.997953 -0.000224592
0.991968 0.99671 -0.00197699
0.991699 0.995174 -3.38152e-05
0.992762 0.994683 0.000341511
0.994672 0.995244 0.00179638
0.994263 0.994395 0.00318797
0.992484 0.993868 0.00485741
0.993271 0.995367 0.00615822
0.994159 0.993049 0.00411284
0.991111 0.992142 0.00381505
0.989629 0.992188 0.00314858
0.989474 0.993439 -0.000142243
0.989882 0.992291 0.00186
0.99222 0.992946 0.00210643
0.991223 0.99184 0.00250524
0.993307 0.989704 0.0017391
0.991226 0.989086 0.000953567
0.992427 0.988276 0.0016655
0.991794 0.987958 0.000552222
0.989469 0.987293 -0.000396981
0.99027 0.98782 -0.000574328
0.989613 0.988175 -0.000328565
0.991007 0.988767 0.000408684
0.990751 0.990665 -0.000138708
0.991841 0.992683 -0.000117478
0.991972 0.993415 0.000459905
0.991403 0.993263 0.000234626
0.990525 0.995154 -0.00150023
0.989886 0.995958 0.000477116
0.990605 0.994075 -0.000582064
0.993252 0.993419 -0.00136533
0.993823 0.994802 0.00049265
0.992647 0.995764 0.00141778
0.990118 0.996301 0.00143352
0.991422 0.994296 0.00201525
0.992382 0.99617 0.00342007
0.991113 0.995043 0.00452445
0.987915 0.993046 0.00530758
0.985765 0.992673 0.00576062
0.988172 0.993466 0.00604127
0.987953 0.992761 0.00512938
0.98823 0.990912 0.00443809
0.985505 0.989026 0.00436155
0.982915 0.990012 0.00489813
0.983252 0.989877 0.00486519
0.982599 0.987725 0.00493838
0.981763 0.987481 0.00131989
0.981514 0.989139 0.00350304
0.981187 0.989561 0.00415941
0.979752 0.991405 0.00346254
0.978889 0.988696 0.00182227
0.98025 0.987863 0.00465616
0.981587 0.988077 0.00330296
0.983006 0.988515 0.00286076
0.980759 0.985636 0.00246135
0.982046 0.987847 0.00252503
0.983117 0.986457 0.00110909
0.98304 0.986198 0.00276724
0.983593 0.983875 0.00453305
0.981734 0.984135 0.00420195
0.979435 0.985151 0.00349584
0.984222 0.986574 0.00287213
0.985774 0.986837 0.00254321
0.988834 0.989291 0.00348204
0.990951 0.989565 0.00138638
0.991405 0.9891 0.00322385
0.991522 0.987536 0.0010068
0.990064 0.985758 0.00140196
0.989666 0.986485 0.000947613
0.988123 0.986353 0.00194468
0.987862 0.989004 0.00121875
0.988354 0.987029 -0.0008981
0.991038 0.987119 0.00011547
0.989731 0.987089 -0.00108197
0.989519 0.987441 -0.00145296
0.988022 0.988002 0.000143661
0.987587 0.986873 -0.000115843
0.986064 0.98706 -0.00131827
0.987564 0.987241 -0.00168888
0.987391 0.989069 -0.000542856
0.988268 0.989836 0.000462384
0.987925 0.987057 0.000685148
0.988881 0.988934 0.000614193
0.990285 0.989146 0.00176211
0.991726 0.989566 0.00174106
0.991787 0.991792 0.00121878
0.991367 0.992852 0.000770987
0.990195 0.996609 0.000379518
0.991986 0.997343 -0.00070861
0.992115 0.996778 -0.00197877
0.993063 0.995538 -0.00100429
0.994511 0.994189 0.00175365
0.994313 0.991868 0.00252008
0.995197 0.993394 0.00244177
0.994965 0.991758 0.00233879
0.994128 0.991918 0.00229567
0.99516 0.991465 0.00315567
0.994672 0.989839 0.00294656
0.993634 0.98993 0.000623483
0.992498 0.990774 0.00102868
0.992188 0.987615 0.00116901
0.994433 0.988621 0.00188961
0.995694 0.99032 0.00112035
0.993557 0.990231 0.00138688
0.991746 0.988832 -0.00035487
0.991181 0.987321 0.000361744
0.988838 0.988 0.00178348
0.988971 0.988749 0.0012302
0.988507 0.989707 0.000630987
0.990073 0.991127 0.000194185
0.990882 0.990361 -7.19139e-05
0.992068 0.99108 0.000514885
0.990953 0.993071 0.00114301
0.990904 0.993974 -0.000206452
0.993123 0.996225 -0.000165519
0.993308 0.994224 -0.00114695
0.993814 0.996466 -0.00124788
0.993059 0.997961 -0.00270141
0.993314 0.999138 -0.00382731
0.991412 0.998078 -0.00206233
0.991116 0.997417 -0.00323399
0.993602 0.99745 -0.00222441
0.994252 0.997951 -0.00281163
0.993467 0.997965 -0.00296378
0.993292 0.997989 -0.00276823
0.992487 0.998404 -0.00249775
0.990609 0.998555 -0.00318733
0.990814 0.99642 -0.00286323
0.990725 0.997065 -0.00334528
0.991702 0.997221 -0.003523
0.990547 0.998109 -0.0037525
0.990737 0.998753 -0.00491454
0.990898 0.998739 -0.00441182
0.990667 0.999109 -0.00483982
0.991707 0.999269 -0.00353862
0.989233 0.998574 -0.00346492
0.990381 1.00106 -0.00226546
0.990945 0.999649 -0.00346764
0.989861 0.996561 -0.00217418
0.991083 0.99699 -0.00346113
0.991042 0.996533 -0.0033641
0.992115 0.995936 -0.00383389
0.991524 0.997752 -0.00438482
0.990319 0.995439 -0.00640133
0.990293 0.998652 -0.00490656
0.989694 0.999576 -0.00503651
0.991222 0.99875 -0.00327462
0.993516 0.998858 -0.0029009
0.992579 0.998987 -0.00335231
0.991822 0.997224 -0.00308701
0.991589 0.998255 -0.00298857
0.990838 0.998236 -0.00289769
0.988945 0.998406 -0.00215598
0.989855 1.00154 -0.00340653
0.98893 1.00128 -0.00419867
0.989068 0.99948 -0.00333782
0.989025 0.998297 -0.00331408
0.988751 0.998955 -0.0029284
0.988486 0.997998 -0.00446618
0.987726 0.997031 -0.00488561
0.987227 0.996541 -0.00437381
0.987858 0.994753 -0.00461422
0.987672 0.994714 -0.00608672
0.988579 0.995472 -0.00658477
0.987711 0.993441 -0.00725467
0.98793 0.990019 -0.00760066
0.986858 0.989045 -0.00746305
0.984301 0.990216 -0.00772036
0.984739 0.99033 -0.00761806
0.982284 0.990058 -0.00642661
0.981526 0.989702 -0.00750798
0.981667 0.988079 -0.00731225
0.982775 0.98734 -0.00746714
0.98506 0.985707 -0.00680987
0.986844 0.984813 -0.00711986
0.98684 0.985236 -0.00749939
0.986567 0.982719 -0.00632669
0.986818 0.98307 -0.00717055
0.988328 0.9842 -0.00686651
0.9887 0.984654 -0.00494386
0.988839 0.985534 -0.00597924
0.988912 0.98511 -0.00561916
0.990777 0.985584 -0.00577147
0.991993 0.985854 -0.00571948
0.992295 0.985254 -0.00615302
0.991331 0.983465 -0.00631855
0.992967 0.984766 -0.00648345
0.993868 0.984616 -0.0059109
0.992314 0.983619 -0.00602348
0.992658 0.98399 -0.00692023
0.993972 0.98424 -0.00711059
0.995639 0.985566 -0.00723951
0.995172 0.985366 -0.00628359
0.994745 0.984016 -0.00576984
0.996138 0.983734 -0.00442041
0.994926 0.984076 -0.00443132
0.996442 0.983557 -0.00634496
0.996311 0.985203 -0.00752892
0.998208 0.986171 -0.00826392
0.997006 0.984197 -0.00798107
0.997826 0.983009 -0.00769508
0.997225 0.983307 -0.00683809
0.998122 0.983953 -0.00694749
0.997356 0.986355 -0.00676117
0.995847 0.987194 -0.00565899
0.994872 0.986827 -0.00469091
0.996363 0.987281 -0.00457504
0.995197 0.987276 -0.00556619
0.996174 0.986838 -0.00399111
0.997195 0.987372 -0.0032031
0.995701 0.986458 -0.00401734
0.995639 0.984288 -0.00394198
0.996445 0.984509 -0.00476675
0.996741 0.987191 -0.00511144
0.996225 0.988052 -0.00568528
0.996675 0.989205 -0.00641448
0.997221 0.989003 -0.00682645
0.994876 0.986735 -0.00698923
0.996964 0.988414 -0.0073134
0.99717 0.988023 -0.00746161
1.00005 0.988742 -0.00603603
0.999577 0.989476 -0.00596683
1.00027 0.990783 -0.00538911
0.999938 0.99042 -0.0045272
1.00089 0.990387 -0.00428719
1.00121 0.991061 -0.00488261
1.0033 0.990264 -0.00520107
1.00347 0.990357 -0.00407999
1.00343 0.990806 -0.00337563
1.00445 0.991751 -0.00306648
1.00494 0.990045 -0.00306364
1.00628 0.989576 -0.00320626
1.00724 0.989675 -0.00219223
1.00551 0.990185 -0.0011004
1.00388 0.991509 -0.00146103
1.00205 0.990387 -0.00144604
1.0023 0.989805 -0.00166721
1.00306 0.990857 -0.00275441
1.00417 0.991229 -0.00340428
1.00411 0.989374 -0.00358623
1.00519 0.990479 -0.00444134
1.0045 0.990528 -0.00382257
1.00608 0.990825 -0.00348473
1.00659 0.990549 -0.0034324
1.0042 0.99025 -0.00293188
1.00446 0.990282 -0.00303722
1.00337 0.990345 -0.00364274
1.00352 0.990366 -0.00431381
1.00429 0.99055 -0.00456567
1.00451 0.990947 -0.00474243
1.00352 0.988565 -0.00512835
1.00149 0.989515 -0.00547367
1.00203 0.989943 -0.00646101
1.00369 0.989654 -0.0064649
1.00417 0.991315 -0.0061905
1.00501 0.991411 -0.00610449
1.00431 0.993362 -0.00634696
1.00535 0.994716 -0.0062422
1.00474 0.992947 -0.00618497
1.00618 0.993692 -0.00681065
1.00533 0.994516 -0.00650066
1.00504 0.995435 -0.00660048
1.00479 0.994208 -0.00647979
1.00597 0.990301 -0.00747394
1.0072 0.991364 -0.00871904
1.00787 0.991185 -0.00850033
1.00717 0.990798 -0.00863297
1.008 0.990392 -0.00858174
1.0062 0.991167 -0.00729172
1.00639 0.990701 -0.00719877
1.00704 0.99021 -0.00792638
1.00484 0.990565 -0.00879749
1.00535 0.990759 -0.00844577
1.00401 0.993112 -0.00885856
1.00336 0.993299 -0.00858145
1.00419 0.993066 -0.00901367
1.00439 0.993058 -0.0100438
1.00372 0.991726 -0.0105951
1.00286 0.991501 -0.00938438
1.00357 0.992922 -0.00815289
1.00484 0.991738 -0.00788751
1.00677 0.991602 -0.00869473
1.00557 0.990789 -0.00811407
1.00386 0.99177 -0.00847913
1.00388 0.991301 -0.00764046
1.00354 0.990516 -0.00731555
1.00283 0.989882 -0.00809507
1.00391 0.989186 -0.00774423
1.00378 0.989338 -0.00820957
1.00454 0.988565 -0.00805242
1.00532 0.988512 -0.00771508
1.00647 0.987597 -0.00895845
1.0067 0.985868 -0.00925581
1.00829 0.985769 -0.010086
1.00747 0.987542 -0.0101612
1.00841 0.988175 -0.0110698
1.00785 0.98849 -0.0107466
1.00849 0.988461 -0.0105858
1.00781 0.98901 -0.0105508
1.00818 0.988321 -0.00983437
1.00838 0.987805 -0.0104657
1.00819 0.9875 -0.0101674
1.00841 0.987363 -0.00979629
1.00903 0.986321 -0.00916241
1.00926 0.986252 -0.0100113
1.00817 0.986367 -0.00992472
1.0077 0.986528 -0.0107473
1.00746 0.986198 -0.0113189
1.00625 0.987626 -0.0115491
1.00813 0.986802 -0.0123302
1.00686 0.987225 -0.0127873
1.00704 0.987194 -0.0120654
1.00534 0.987724 -0.0115062
1.00511 0.987317 -0.0113019
1.00672 0.987363 -0.0123292
1.0063 0.988518 -0.0114813
1.00716 0.987901 -0.0110794
1.00737 0.98576 -0.0109976
1.00769 0.986208 -0.0115238
1.009 0.986099 -0.0119335
1.00907 0.986123 -0.0119764
1.00968 0.986163 -0.0123603
1.0112 0.984893 -0.0121561
1.01296 0.986117 -0.0125025
1.01302 0.984256 -0.012921
1.01468 0.981957 -0.0145824
1.01399 0.981087 -0.0140497
1.01265 0.982188 -0.0137332
1.01012 0.981629 -0.0130812
1.0093 0.982663 -0.0134746
1.01039 0.982897 -0.0140683
1.01071 0.983781 -0.0132882
1.01053 0.984723 -0.0136561
1.01088 0.985511 -0.013117
1.00947 0.984041 -0.0115114
1.01006 0.984252 -0.0106583
1.01013 0.983843 -0.0109152
1.00935 0.981767 -0.0107471
1.00818 0.980601 -0.0102841
1.00709 0.98041 -0.00923408
1.00764 0.981104 -0.00863554
1.00638 0.980986 -0.00886663
1.00535 0.981347 -0.00911981
1.00472 0.982235 -0.00795694
1.00495 0.982787 -0.00702745
1.00339 0.982591 -0.0072224
1.00306 0.984403 -0.00804393
1.00173 0.983543 -0.00712632
1.00244 0.98269 -0.00765026
1.00289 0.982333 -0.00912184
1.0033 0.981243 -0.00889836
1.00275 0.984081 -0.00972543
1.00218 0.984783 -0.0105164
1.00153 0.984943 -0.00911057
1.00181 0.984143 -0.00953737
1.002 0.983713 -0.00959604
1.00334 0.98486 -0.0102067
1.00316 0.98624 -0.00997057
1.00407 0.986036 -0.0103775
1.00214 0.984877 -0.0108945
1.00153 0.983721 -0.0111846
1.00042 0.985735 -0.0110933
1.00047 0.984694 -0.0111373
1.00009 0.985131 -0.0128814
1.00168 0.985736 -0.0127515
1.00101 0.983569 -0.0124044
1.00099 0.982529 -0.0128791
1.00248 0.983603 -0.0126214
1.00413 0.983408 -0.0126688
1.00352 0.983684 -0.0124162
1.00415 0.984046 -0.0134965
1.00428 0.984632 -0.0137953
1.00535 0.984566 -0.0138154
1.00589 0.985564 -0.014665
1.00413 0.985705 -0.0143161
1.0042 0.986326 -0.0141349
1.00569 0.985927 -0.0144248
1.00498 0.984949 -0.0151778
1.00342 0.984829 -0.015897
1.00411 0.982941 -0.0156026
1.0043 0.983434 -0.0164558
1.006 0.983242 -0.0171477
1.0069 0.982438 -0.017387
1.0051 0.980774 -0.0177188
1.00588 0.979602 -0.0175956
1.00539 0.979195 -0.017488
1.00602 0.978442 -0.0188412
1.00571 0.978008 -0.017261
1.00639 0.978248 -0.017133
1.00698 0.979463 -0.0169042
1.00699 0.97891 -0.0166615
1.00635 0.979311 -0.0163715
1.00712 0.978409 -0.0162424
1.00729 0.978245 -0.0163711
1.00787 0.978261 -0.0159414
1.00846 0.978071 -0.015876
1.00897 0.978141 -0.015538
1.00804 0.978595 -0.0161167
1.00942 0.978856 -0.0162393
1.00962 0.978575 -0.0152612
1.00924 0.979418 -0.0153403
1.00888 0.978545 -0.0160579
1.0092 0.979529 -0.0170027
1.01031 0.979607 -0.0174328
1.01189 0.980007 -0.0167958
1.01268 0.981202 -0.0164035
1.01169 0.981973 -0.0162375
1.01227 0.981484 -0.0158473
1.01299 0.981619 -0.0161254
1.01335 0.981368 -0.0165515
1.01484 0.981042 -0.0172307
1.01474 0.980977 -0.017831
1.01384 0.981075 -0.0176328
1.01321 0.981542 -0.0174648
1.01352 0.982145 -0.0178182
1.01192 0.984293 -0.0180067
1.01423 0.983046 -0.0182443
1.01335 0.983368 -0.0183004
1.01196 0.98505 -0.0175315
1.01174 0.985037 -0.0163108
1.0113 0.984421 -0.0149456
1.01057 0.982808 -0.015331
1.01058 0.982392 -0.0161625
1.01004 0.981389 -0.0164754
1.00932 0.98196 -0.0162033
1.00904 0.980443 -0.0156044
1.0099 0.980561 -0.015439
1.00882 0.980724 -0.0162184
1.01 0.980529 -0.01603
1.01106 0.979005 -0.0152433
1.01143 0.978257 -0.0140993
1.01131 0.977691 -0.0145925
1.01138 0.977414 -0.0153573
1.01219 0.977997 -0.0151605
1.01101 0.978438 -0.0150256
1.01051 0.978656 -0.0156523
1.01092 0.978507 -0.0151359
1.01113 0.978022 -0.0139627
1.00989 0.980391 -0.0128736
1.0085 0.979782 -0.0132154
1.00901 0.979543 -0.0129972
1.00984 0.979355 -0.0129355
1.0085 0.979975 -0.0128288
1.00886 0.980555 -0.012366
1.01038 0.980093 -0.0128244
1.00978 0.979773 -0.0124196
1.00875 0.978363 -0.0128635
1.01001 0.977988 -0.0119778
1.01102 0.977669 -0.0111576
1.01126 0.978173 -0.0117852
1.01234 0.978246 -0.0116918
1.01169 0.977096 -0.0128759
1.01074 0.977207 -0.0122614
1.01228 0.976623 -0.01227
1.01087 0.976538 -0.0119839
1.01188 0.975812 -0.0129055
1.01101 0.976629 -0.0127104
1.01148 0.977073 -0.0131298
1.01263 0.977941 -0.013532
1.01144 0.978314 -0.0127808
1.01153 0.977712 -0.0118641
1.01136 0.977933 -0.011431
1.01255 0.976656 -0.0127043
1.01306 0.976963 -0.0128663
1.01512 0.977423 -0.0121506
1.01632 0.977788 -0.0115149
1.01736 0.97729 -0.0123449
1.01861 0.978055 -0.0125616
1.01922 0.977261 -0.0122611
1.01833 0.976907 -0.0122404
1.01665 0.976264 -0.0111738
1.01787 0.975853 -0.0112505
1.01861 0.976076 -0.0111872
1.0189 0.975661 -0.0122029
1.01875 0.974991 -0.012692
1.01893 0.973878 -0.0131492
1.02051 0.973755 -0.0128773
1.02168 0.973294 -0.0127164
1.02148 0.973465 -0.0127376
1.02193 0.973273 -0.0131236
1.02129 0.973146 -0.0131543
1.02145 0.973626 -0.0129058
1.02215 0.974024 -0.0129195
1.02204 0.974765 -0.0132275
1.02281 0.975619 -0.0128168
1.02322 0.973725 -0.0124837
1.0231 0.974734 -0.0125078
1.02172 0.975045 -0.011568
1.01974 0.974483 -0.0114935
1.01919 0.974756 -0.0115653
1.01959 0.973507 -0.0105458
1.01985 0.972861 -0.0104362
1.0204 0.97244 -0.0100614
1.01929 0.972612 -0.0093057
1.0207 0.972917 -0.0100298
1.01973 0.972767 -0.010095
1.01949 0.973387 -0.0100891
1.02058 0.974229 -0.0104484
1.02071 0.974756 -0.0106468
1.02021 0.974507 -0.00996225
1.02048 0.973857 -0.00935085
1.01926 0.9738 -0.0102965
1.01977 0.974707 -0.0106497
1.01992 0.975351 -0.0113606
1.01971 0.976453 -0.0113958
1.01964 0.977551 -0.0114896
1.01993 0.97806 -0.0115501
1.01998 0.979148 -0.0114178
1.01982 0.978872 -0.0106661
1.02049 0.979544 -0.0109974
1.02092 0.979038 -0.0106151
1.021 0.978988 -0.00997634
1.02176 0.979442 -0.0104756
1.02051 0.979631 -0.0105894
1.01961 0.979696 -0.0100942
1.02067 0.979362 -0.0105143
1.02057 0.979421 -0.0101812
1.02065 0.979386 -0.0106222
1.01972 0.979446 -0.0113052
1.01907 0.979251 -0.0122002
1.0181 0.978498 -0.0119516
1.01798 0.977703 -0.0122882
1.0179 0.978209 -0.0126311
1.01717 0.977562 -0.012739
1.0181 0.977856 -0.013346
1.01739 0.977463 -0.0141002
1.0183 0.977858 -0.0152593
1.01922 0.977267 -0.014493
1.0195 0.977971 -0.0149692
1.01933 0.977852 -0.0149499
1.01909 0.978651 -0.0146599
1.01868 0.977906 -0.0147543
1.01915 0.97678 -0.0140936
1.01902 0.977956 -0.0135156
1.01921 0.979095 -0.0140649
1.01956 0.979393 -0.0141698
1.01844 0.979646 -0.0138985
1.01697 0.979979 -0.0128304
1.01683 0.978791 -0.0119128
1.0181 0.978957 -0.0130956
1.01801 0.978777 -0.0133682
1.01862 0.978551 -0.0135486
1.01812 0.977848 -0.0135904
1.01715 0.97903 -0.0143766
1.01584 0.978186 -0.0141451
1.0161 0.979067 -0.013398
1.01564 0.979398 -0.013536
1.01626 0.979213 -0.0141036
1.01499 0.978641 -0.0135667
1.01454 0.979035 -0.013274
1.01465 0.978652 -0.0136752
1.01372 0.979172 -0.0135472
1.01367 0.978369 -0.0133082
1.01394 0.977311 -0.0136249
1.01523 0.977821 -0.0132917
1.01473 0.977327 -0.0132133
1.01514 0.97858 -0.0136977
1.01359 0.979483 -0.0138791
1.01286 0.978829 -0.0141902
1.01307 0.980034 -0.0140203
1.01206 0.979398 -0.0134347
1.01162 0.979634 -0.0143017
1.01185 0.979041 -0.0146376
1.01259 0.977313 -0.014479
1.01179 0.976737 -0.0141389
1.01229 0.976948 -0.0139582
1.01149 0.977055 -0.0127694
1.01101 0.976924 -0.013031
1.01153 0.976866 -0.0127661
1.01283 0.978112 -0.0125918
1.01375 0.977857 -0.0124821
1.01308 0.976991 -0.0123631
1.01409 0.976902 -0.0122555
1.01482 0.976556 -0.0118447
1.01448 0.976208 -0.0118663
1.01433 0.9761 -0.0127561
1.01478 0.976704 -0.0123987
1.01578 0.975694 -0.0124469
1.01521 0.975736 -0.0124247
1.01531 0.976623 -0.0123791
1.01459 0.975473 -0.0122196
1.01508 0.975907 -0.0126621
1.0146 0.975215 -0.0129757
1.01521 0.975128 -0.0131201
1.01614 0.975327 -0.0132494
1.01598 0.97633 -0.0141313
1.0156 0.975152 -0.014054
1.01664 0.975489 -0.0135924
1.01575 0.974682 -0.0131336
1.01521 0.974971 -0.0134448
1.01622 0.976176 -0.013095
1.01589 0.97465 -0.0125191
1.0165 0.972811 -0.0126124
1.0157 0.972546 -0.0124556
1.01604 0.973788 -0.0128365
1.01572 0.972467 -0.0118508
1.01526 0.972644 -0.0116167
1.01553 0.973224 -0.0115531
1.0149 0.97281 -0.0111794
1.0145 0.97441 -0.0109777
1.01409 0.976784 -0.0112527
1.01403 0.97662 -0.0109935
1.01438 0.975652 -0.0109419
1.01441 0.97636 -0.0109781
1.0137 0.976039 -0.0109393
1.01385 0.975334 -0.0110169
1.01401 0.975477 -0.0110189
1.01451 0.975478 -0.0103342
1.01389 0.976306 -0.0101262
1.01393 0.977025 -0.01054
1.01523 0.976582 -0.0109005
1.01537 0.975833 -0.0110877
1.01527 0.975559 -0.0111976
1.0166 0.976738 -0.0114186
1.01627 0.975418 -0.0115851
1.01575 0.975288 -0.0122704
1.0144 0.97436 -0.0123261
1.01507 0.976004 -0.0125279
1.01465 0.975891 -0.0122474
1.01377 0.976137 -0.0123448
1.0141 0.976763 -0.0112295
1.01416 0.977046 -0.0108144
1.01285 0.97774 -0.010432
1.01229 0.977732 -0.010749
1.01218 0.978129 -0.0101801
1.01252 0.977192 -0.00957509
1.01247 0.976725 -0.0105967
1.01279 0.976592 -0.0104115
1.01211 0.976719 -0.0106468
1.01142 0.977261 -0.0105455
1.01039 0.976557 -0.0100471
1.01009 0.97689 -0.0107963
1.01052 0.975058 -0.010688
1.01118 0.975339 -0.0102085
1.01046 0.975952 -0.0102794
1.00992 0.975657 -0.0107684
1.00961 0.976519 -0.0105914
1.01109 0.976473 -0.010429
1.01081 0.976698 -0.0104778
1.01091 0.976194 -0.010976
1.01161 0.976531 -0.0116658
1.01168 0.976445 -0.0112399
1.01057 0.977392 -0.0111342
1.00974 0.977243 -0.0111376
1.01037 0.977654 -0.011442
1.01078 0.978161 -0.0119808
1.00925 0.978228 -0.0125416
1.01039 0.979294 -0.0121564
1.00955 0.97847 -0.0128654
1.00934 0.97876 -0.0122184
1.01012 0.980109 -0.0123457
1.01049 0.978997 -0.012261
1.01013 0.979208 -0.0119697
1.01029 0.979175 -0.0115549
1.00953 0.980544 -0.0109283
1.00976 0.980682 -0.0116777
1.00898 0.979893 -0.0108852
1.00853 0.979721 -0.0107878
1.00857 0.979712 -0.0106769
1.00801 0.979945 -0.0106425
1.00803 0.980497 -0.0114515
1.00767 0.979866 -0.0112766
1.0079 0.979394 -0.0117931
1.00815 0.980493 -0.0120547
1.00786 0.980938 -0.0119475
1.0086 0.980972 -0.0120813
1.00912 0.981008 -0.0121148
1.00878 0.9799 -0.0118024
1.00855 0.980773 -0.010849
1.00941 0.981602 -0.0109229
1.00925 0.983039 -0.0120274
1.00924 0.984077 -0.0118905
1.00869 0.984336 -0.012092
1.00925 0.984852 -0.0128077
1.00857 0.98616 -0.0121231
1.0084 0.985852 -0.011826
1.0089 0.986345 -0.0121698
1.00947 0.985854 -0.0124978
1.00953 0.985278 -0.0124119
1.01033 0.984691 -0.0121832
1.01194 0.984539 -0.0127358
1.01115 0.984375 -0.0130687
1.01039 0.98534 -0.0130357
1.00943 0.985871 -0.0123626
1.00872 0.984951 -0.0128988
1.00944 0.986065 -0.0122718
1.00876 0.986527 -0.0118961
1.00813 0.986403 -0.0117402
1.0087 0.986677 -0.0115372
1.00768 0.986934 -0.0110986
1.00718 0.986619 -0.0105482
1.0061 0.98641 -0.0099203
1.00618 0.987364 -0.0106383
1.00731 0.987498 -0.00967928
1.00812 0.986524 -0.0100247
1.00851 0.986712 -0.0104651
1.00884 0.98717 -0.0109986
1.00941 0.986194 -0.0102627
1.01009 0.986105 -0.0105451
1.01042 0.986658 -0.0105163
1.01003 0.98596 -0.00990387
1.00918 0.986058 -0.0102155
1.00855 0.985694 -0.010033
1.0085 0.984392 -0.0102866
1.00995 0.983441 -0.00992766
1.00897 0.983104 -0.0103375
1.00904 0.982805 -0.0110076
1.0088 0.981118 -0.0113043
1.00937 0.982865 -0.0115073
1.00898 0.983049 -0.0108782
1.0094 0.982923 -0.0114502
1.01014 0.982123 -0.0111323
1.00982 0.981881 -0.01129
1.01039 0.981377 -0.0112626
1.01111 0.982055 -0.0115499
1.01031 0.982984 -0.0114062
1.00933 0.984594 -0.012079
1.00953 0.985156 -0.0123937
1.00924 0.985346 -0.0121306
1.00937 0.985475 -0.0118473
1.00977 0.984912 -0.0115012
1.0104 0.984864 -0.0120598
1.01074 0.984709 -0.0120318
1.01029 0.985474 -0.0120845
1.00963 0.98688 -0.0123032
1.00965 0.987241 -0.0123314
1.00912 0.987874 -0.0122722
1.00852 0.987301 -0.0117529
1.00832 0.988131 -0.0114172
1.00767 0.988161 -0.0116999
1.00772 0.988563 -0.0117983
1.00874 0.98968 -0.0121863
1.00927 0.990544 -0.0121521
1.00892 0.989512 -0.0113016
1.01011 0.991185 -0.0108031
1.01031 0.991975 -0.0111559
1.01038 0.992308 -0.0107857
1.01103 0.991919 -0.0117221
1.01047 0.991583 -0.0121961
1.01145 0.991382 -0.0121767
1.01167 0.991121 -0.0121758
1.01179 0.991462 -0.0120165
1.01072 0.991316 -0.0116383
1.0109 0.991621 -0.0121725
1.01047 0.991008 -0.0112113
1.01047 0.990992 -0.0106984
1.01158 0.988474 -0.0107135
1.01109 0.988118 -0.0108791
1.01191 0.98809 -0.0114723
1.01182 0.988245 -0.0112698
1.01177 0.987787 -0.0113525
1.01089 0.988123 -0.0113924
1.01093 0.987744 -0.0126247
1.01003 0.988919 -0.0118953
1.01078 0.988926 -0.0120956
1.01018 0.989199 -0.0120283
1.01131 0.99038 -0.0123643
1.01047 0.992101 -0.0120134
1.01038 0.991821 -0.0119443
1.00986 0.99214 -0.0118673
1.00899 0.992914 -0.0121848
1.00913 0.992769 -0.0124432
1.00855 0.992647 -0.0128026
1.00946 0.99175 -0.0129122
1.00853 0.992017 -0.0132056
1.00715 0.991057 -0.0132004
1.00781 0.991156 -0.0131632
1.00726 0.991831 -0.0132418
1.00767 0.992808 -0.0142451
1.00721 0.993039 -0.0139131
1.00669 0.993123 -0.0131818
1.00714 0.992598 -0.0126416
1.00636 0.993135 -0.013339
1.00563 0.993843 -0.0132741
1.00578 0.994381 -0.0131117
1.00566 0.994197 -0.013231
1.00533 0.994981 -0.0127886
1.00358 0.996162 -0.0129432
1.00239 0.996229 -0.012223
1.00133 0.996533 -0.0112792
1.00275 0.995231 -0.0107838
1.00353 0.99469 -0.0112412
1.0039 0.994118 -0.0122366
1.00479 0.994898 -0.0121975
1.00524 0.995689 -0.0123147
1.0053 0.995691 -0.0116039
1.00406 0.996006 -0.011191
1.00419 0.995151 -0.010581
1.00424 0.99499 -0.0104338
1.00365 0.995723 -0.00973382
1.00382 0.995683 -0.0102155
1.0039 0.995576 -0.0103755
1.00421 0.996445 -0.0104401
1.00354 0.996784 -0.0108169
1.00326 0.99614 -0.0103176
1.00265 0.995807 -0.0110854
1.00229 0.996234 -0.0115811
1.00229 0.997925 -0.0109639
1.00185 0.997763 -0.011483
1.00209 0.997768 -0.0119715
1.00252 0.997717 -0.0119723
1.00256 0.999122 -0.0121702
1.00192 0.999758 -0.0115194
1.00243 0.99994 -0.0116343
1.00293 1.00005 -0.0109762
1.00277 1.00007 -0.0112122
1.00256 0.99993 -0.0114567
1.00242 1.00008 -0.0108468
1.00102 0.998922 -0.010607
1.00161 0.998471 -0.0105631
1.00176 0.998527 -0.0106694
1.00225 0.997934 -0.0107372
1.00224 0.997376 -0.0110266
1.00299 0.997688 -0.0103531
1.00146 0.99731 -0.0105722
1.00108 0.996812 -0.00948221
1.00084 0.996882 -0.0099011
1.00149 0.996546 -0.00987445
1.00126 0.996187 -0.0102934
1.00106 0.995953 -0.0105209
1.0018 0.995929 -0.010812
1.00232 0.994684 -0.0102669
1.00218 0.994498 -0.0100668
1.00213 0.993706 -0.00974178
1.00294 0.994466 -0.00951054
1.00399 0.994573 -0.00923708
1.00453 0.994555 -0.00837554
1.00508 0.995527 -0.00845143
1.00523 0.995265 -0.00824282
1.00611 0.995463 -0.00774974
1.00625 0.995781 -0.00676607
1.00623 0.995739 -0.00696995
1.00617 0.997074 -0.00750236
1.00644 0.997199 -0.00744137
1.00619 0.996484 -0.00729617
1.00526 0.996306 -0.00761611
1.00497 0.996566 -0.00758276
1.00571 0.995979 -0.00706143
1.00571 0.996714 -0.00652906
1.00558 0.996318 -0.00652613
1.00526 0.996481 -0.00634811
1.00433 0.997207 -0.00684793
1.00397 0.996436 -0.00677308
1.00479 0.996745 -0.00720549
1.00488 0.996916 -0.00757366
1.00532 0.998031 -0.00796784
1.00586 0.998774 -0.0082037
1.00552 0.998957 -0.00831283
1.00461 0.997928 -0.00803247
1.00384 0.997042 -0.00786833
1.0036 0.995394 -0.00764394
1.00413 0.995052 -0.00736358
1.00483 0.995492 -0.00709732
1.00544 0.995543 -0.00757921
1.00423 0.995824 -0.00800838
1.0048 0.994964 -0.00937305
1.00514 0.995727 -0.0085941
1.00533 0.996466 -0.00772612
1.00454 0.995354 -0.00758166
1.0045 0.995161 -0.00786362
1.00414 0.995785 -0.00795174
1.00404 0.994803 -0.00733487
1.00428 0.99523 -0.00707101
1.00442 0.99538 -0.00729369
1.00409 0.996471 -0.00703445
1.00457 0.996137 -0.00673914
1.00504 0.996747 -0.00686742
1.00548 0.997286 -0.00705555
1.00528 0.99732 -0.00725705
1.00598 0.996034 -0.00668131
1.00503 0.995621 -0.00690156
1.00626 0.99638 -0.00749334
1.00606 0.996847 -0.00771853
1.00668 0.99684 -0.00815608
1.00844 0.996518 -0.00781517
1.00758 0.996918 -0.00753396
1.00822 0.996989 -0.00706307
1.00712 0.996995 -0.00756246
1.00718 0.997691 -0.00650997
1.00621 0.998706 -0.00689871
1.00761 0.998269 -0.00654268
1.00734 0.998889 -0.00693929
