1.05833 0.993637 -0.0138812
0.818231 0.899097 -0.0304766
0.719203 1.0354 0.00881848
0.608853 0.986271 0.0598788
0.747044 0.936475 0.0908408
0.84362 0.967709 0.0352836
0.917022 0.945285 0.117498
0.960138 0.935925 0.089135
0.95143 1.01711 0.0747199
0.907858 0.991105 0.071523
0.895918 0.967231 0.0546809
0.871659 0.94962 -0.00324287
0.912024 0.878305 0.0331826
0.837534 0.923311 0.0734196
0.869342 0.906292 0.0584808
0.815952 0.907527 0.0641676
0.838468 0.921541 0.0680591
0.844661 0.873493 0.0122744
0.776018 0.885795 0.00551244
0.824104 0.837579 0.00265455
0.880801 0.773962 0.0169475
0.948134 0.787239 0.00163751
0.861087 0.789599 0.0723458
0.876861 0.770951 0.110903
0.890212 0.837956 0.066718
0.869702 0.880089 0.0539193
0.947457 0.871106 0.0584522
0.896739 0.887827 0.0396365
0.990566 0.914384 0.01592
0.957865 0.941627 -0.0263095
1.02168 0.900462 -0.00914839
0.997543 0.902427 -0.0244622
0.946641 0.927714 -0.0522088
0.952499 0.946931 -0.0575295
0.928138 1.00642 -0.0915768
0.912654 1.05162 -0.0523872
0.912156 1.06641 -0.00226005
0.849724 1.09512 0.0239776
0.858365 1.04922 0.0110886
0.839819 1.02744 0.0406392
0.851342 1.01918 0.0333159
0.851245 0.954845 0.0154954
0.910139 0.901846 -0.0351106
0.903577 0.90264 -0.0234125
0.91222 0.929789 -0.0321861
0.886853 0.957796 -0.00568655
0.894475 0.997213 -0.011763
0.89809 0.995931 -0.0255844
0.889534 0.954606 -0.0305695
0.88603 0.958784 -0.0060519
0.885174 0.923986 0.012191
0.908796 0.95053 0.0168533
0.907927 0.946247 0.0276931
0.889743 0.875662 0.0322898
0.890547 0.863133 0.0357267
0.902823 0.885535 0.0276625
0.887707 0.839006 0.0199749
0.895539 0.842263 0.00104372
0.858839 0.80207 0.0156798
0.814112 0.809844 0.013527
0.832509 0.850162 0.000519267
0.804132 0.878198 -0.0226861
0.821092 0.891182 -0.0478012
0.816786 0.896795 -0.0481251
0.840079 0.912102 -0.029598
0.846647 0.905717 -0.045225
0.877462 0.89515 -0.0339606
0.896959 0.869293 -0.0579258
0.904542 0.860794 -0.0573118
0.895727 0.853436 -0.0441561
0.920707 0.869265 -0.0541656
0.922047 0.841024 -0.0455011
0.879562 0.825368 -0.0463886
0.896457 0.847643 -0.0120089
0.880749 0.866248 -0.0112849
0.884209 0.871714 -0.0196147
0.894276 0.883991 -0.0209953
0.913203 0.921254 -0.0159519
0.918526 0.938025 0.0186437
0.922618 0.935048 0.0173717
0.94235 0.925329 0.00166702
0.937964 0.90964 0.0206291
0.936981 0.925332 0.0131767
0.907406 0.912647 0.0441921
0.927228 0.916472 0.0465952
0.916876 0.903139 0.0177715
0.898787 0.896821 0.0150394
0.892366 0.929248 0.0115596
0.875598 0.939045 0.00707598
0.867305 0.958083 0.0182586
0.856474 0.986942 0.0137355
0.854852 0.984885 0.0228137
0.842607 1.00813 0.0156408
0.844697 0.992104 0.0255617
0.861929 1.01615 0.0244713
0.83633 0.99172 0.0188551
0.839335 1.0198 0.033507
0.82647 1.02514 0.0374586
0.813493 1.0224 0.0695004
0.841728 0.966614 0.0462843
0.818972 0.953848 0.0476047
0.805688 0.974113 0.0597162
0.823715 0.946332 0.0607635
0.811501 0.933645 0.0785422
0.829635 0.937071 0.0927985
0.809369 0.979503 0.0876675
0.813262 0.961092 0.0735293
0.817362 0.949323 0.0571326
0.849554 0.942925 0.0442313
0.838171 0.929518 0.0452013
0.838739 0.921306 0.049887
0.837711 0.894849 0.0593211
0.843847 0.893394 0.0508938
0.869896 0.884367 0.0283603
0.855516 0.883171 0.0370826
0.854352 0.905891 0.0364023
0.845656 0.896057 0.0348678
0.834998 0.892013 0.0429692
0.835208 0.895619 0.0359761
0.838907 0.880949 0.0449428
0.842448 0.886633 0.0485462
0.846993 0.890421 0.0533008
0.862785 0.878318 0.0513753
0.859896 0.887311 0.0500976
0.879308 0.849962 0.0444183
0.866864 0.847734 0.0421622
0.840443 0.85468 0.0387953
0.827701 0.839028 0.0381142
0.825828 0.828718 0.0454816
0.84931 0.834361 0.0485305
0.835121 0.831653 0.0496764
0.868389 0.798592 0.0548866
0.880301 0.814587 0.0594209
0.875893 0.79999 0.0493189
0.870844 0.765999 0.0528989
0.890928 0.758662 0.0511212
0.919557 0.728538 0.0542125
0.927446 0.745676 0.0736378
0.916716 0.771347 0.0507391
0.943128 0.765561 0.0619138
0.927891 0.740986 0.063164
0.939918 0.742571 0.0351862
0.931308 0.746623 0.045575
0.948337 0.747044 0.0398928
0.940313 0.774336 0.0403968
0.957238 0.755223 0.0293385
0.980963 0.754461 0.0355683
0.985129 0.763376 0.0391356
0.975296 0.752807 0.0497569
0.988361 0.770088 0.0475328
0.998833 0.75406 0.0312835
1.02024 0.757982 0.0413371
0.998512 0.754246 0.0388853
1.01335 0.76412 0.032912
1.02106 0.763038 0.039441
1.0552 0.770109 0.0471446
1.06291 0.761115 0.0415415
1.05256 0.777887 0.027586
1.06964 0.785154 0.0460482
1.06867 0.778486 0.0623088
1.0738 0.785213 0.0387275
1.08649 0.791502 0.0524228
1.10351 0.790591 0.0645998
1.10868 0.776116 0.0530807
1.13333 0.790115 0.0462216
1.07432 0.799308 0.0532965
1.06184 0.823155 0.0546326
1.08258 0.835318 0.0576263
1.08768 0.833995 0.0680419
1.07509 0.850443 0.0638809
1.07832 0.851033 0.0602145
1.05919 0.860423 0.0447028
1.08195 0.871032 0.0603792
1.08776 0.858965 0.0515
1.11084 0.869813 0.0485602
1.11546 0.878909 0.0634256
1.1047 0.911141 0.0583497
1.10115 0.898273 0.0764895
1.11948 0.91496 0.079471
1.13173 0.922116 0.0840604
1.12432 0.928711 0.0578255
1.11059 0.888297 0.0625695
1.12724 0.901402 0.0535447
1.12344 0.90343 0.0453224
1.09921 0.940688 0.0549437
1.11274 0.922557 0.0581278
1.12496 0.948325 0.0424643
1.11031 0.95931 0.0445679
1.11895 0.948586 0.0437326
1.11541 0.947487 0.0437396
1.11108 0.938924 0.0614475
1.11315 0.91625 0.0673284
1.12417 0.922094 0.055193
1.16586 0.939747 0.0462447
1.162 0.939227 0.0447371
1.18763 0.927273 0.0311265
1.1795 0.93206 0.0234691
1.18268 0.937156 0.0149642
1.20386 0.929606 -0.00726813
1.17274 0.906884 0.00503797
1.17469 0.909146 0.00276797
1.20288 0.901314 0.0117682
1.1806 0.89447 0.00251572
1.18924 0.905093 0.0108191
1.20809 0.912339 0.0182406
1.23457 0.913409 0.000147782
1.24203 0.913948 -0.00463862
1.24392 0.917009 0.0161079
1.2394 0.929706 0.0148497
1.2612 0.924466 0.0260672
1.23825 0.937314 0.0316636
1.19326 0.949301 0.0410001
1.17659 0.949113 0.0422126
1.16665 0.95912 0.0285642
1.13838 0.951612 0.0360337
1.14618 0.969614 0.0408805
1.12845 0.971728 0.0425884
1.11827 1.00171 0.04973
1.12622 0.990449 0.0650229
1.11242 0.974901 0.0575499
1.10534 0.971968 0.0544837
1.1156 0.982031 0.0537485
1.12235 1.00079 0.0451193
1.13506 0.999047 0.0480872
1.13525 0.984128 0.0475376
1.11839 0.985953 0.0323925
1.12274 0.993693 0.0203678
1.11968 0.999155 0.0129653
1.11347 0.978523 0.00514933
1.13276 0.968669 -0.00632394
1.10633 0.967756 -0.00264486
1.09795 0.964497 0.00955851
1.10323 0.943814 0.0250221
1.08924 0.935084 0.0287238
1.08119 0.928302 0.0380941
1.10169 0.937722 0.0439453
1.09662 0.945773 0.0427048
1.10828 0.930827 0.0457895
1.1019 0.947257 0.0402851
1.10317 0.941214 0.0448356
1.09263 0.949268 0.029172
1.09669 0.937035 0.0178108
1.09587 0.933843 0.00680828
1.09171 0.936501 0.00520591
1.09012 0.93392 0.00364041
1.07909 0.925452 0.0200906
1.06972 0.945397 0.0036545
1.08393 0.945821 -0.000359351
1.08129 0.960875 -0.00150014
1.05718 0.956064 -0.0058411
1.05664 0.936164 -0.0278646
1.06097 0.914877 -0.0321816
1.08466 0.91111 -0.0386445
1.08365 0.91195 -0.0530752
1.10271 0.891084 -0.0621507
1.10629 0.896724 -0.0576916
1.11424 0.897334 -0.0532064
1.12916 0.89462 -0.0414396
1.12173 0.908178 -0.0401418
1.1069 0.920835 -0.0380427
1.1076 0.925253 -0.0476272
1.10961 0.949877 -0.046465
1.12879 0.9484 -0.0508459
1.1242 0.926147 -0.0371077
1.13013 0.933241 -0.0375014
1.14043 0.940758 -0.0387878
1.13487 0.937952 -0.0481412
1.13159 0.916933 -0.0438101
1.15555 0.916617 -0.0431714
1.14429 0.930063 -0.0451071
1.14775 0.923079 -0.0611092
1.16165 0.928822 -0.0726936
1.15579 0.924037 -0.0774348
1.16684 0.951224 -0.0708482
1.17472 0.935339 -0.060196
1.17513 0.934835 -0.0590196
1.16561 0.939797 -0.0504402
1.16844 0.948611 -0.0512835
1.16243 0.952899 -0.0553817
1.16135 0.971466 -0.0497371
1.17149 0.974252 -0.0545329
1.16474 0.99373 -0.038011
1.18291 0.995728 -0.0478565
1.16872 1.01226 -0.0451274
1.16459 0.986934 -0.0412111
1.15622 0.98531 -0.0432525
1.15914 0.983747 -0.0384313
1.15069 0.983798 -0.0440971
1.15708 0.988787 -0.0419665
1.14796 1.00707 -0.0492634
1.1657 0.999285 -0.0574285
1.16547 0.981181 -0.0521189
1.154 0.990268 -0.0420135
1.14208 1.00176 -0.0463407
1.13524 0.99923 -0.0528141
1.13974 0.991769 -0.0544733
1.14237 0.993895 -0.0337215
1.15348 0.997303 -0.0471214
1.16019 0.985 -0.0538254
1.16661 0.992317 -0.0574603
1.14178 0.994489 -0.0585768
1.13658 0.984544 -0.0470984
1.15228 1.0019 -0.0472517
1.15545 0.997933 -0.0398139
1.1647 0.982118 -0.0262947
1.15 1.0084 -0.0130241
1.14462 1.02561 -0.00132893
1.15617 1.02929 -0.00388525
1.14226 1.01196 0.000390276
1.13674 1.01067 0.00706427
1.13 0.999296 0.00346152
1.14791 0.998439 0.00365852
1.1626 0.995727 0.00367032
1.18113 0.990008 -0.0105391
1.18016 0.998894 0.00187871
1.18561 0.986556 -0.000315569
1.18724 0.989198 0.00835587
1.19519 0.989647 0.0065503
1.19428 0.992066 0.00505333
1.17864 1.00681 -0.00106354
1.17332 1.00226 -0.000996871
1.16529 0.995735 -0.0121922
1.16036 0.970497 -0.00926279
1.14705 0.961181 0.00610604
1.13669 0.956263 0.000628957
1.12637 0.947252 -0.00545442
1.12699 0.960628 0.00480842
1.12936 0.952288 -0.00103885
1.12746 0.943648 -0.000460037
1.1296 0.944164 0.00735428
1.14842 0.933817 0.0206337
1.17601 0.943417 0.0266701
1.16992 0.958791 0.0372376
1.17006 0.952496 0.0299422
1.16236 0.93689 0.0326054
1.18619 0.92275 0.0288065
1.23246 0.927711 0.0204717
1.23096 0.912744 0.0240278
1.22227 0.92427 0.0274396
1.22781 0.930104 0.029142
1.21945 0.945752 0.0175754
1.23431 0.929459 0.0167843
1.23014 0.934563 0.0156987
1.22307 0.928548 0.0186965
1.2146 0.931993 0.0279302
1.21155 0.929897 0.0338551
1.20535 0.93434 0.0256835
1.21084 0.924665 0.0245744
1.18341 0.92798 0.028921
1.20137 0.923903 0.0189669
1.20711 0.914573 0.0128513
1.20647 0.907282 0.0103687
1.193 0.90682 -0.0109082
1.17877 0.926505 -0.0165484
1.16466 0.929239 -0.0184853
1.17388 0.935931 -0.025651
1.17585 0.933606 -0.0224273
1.16389 0.939451 -0.0262723
1.15223 0.932617 -0.0357845
1.15714 0.940598 -0.0383496
1.15511 0.963779 -0.0413016
1.15077 0.972814 -0.0318381
1.16028 0.974909 -0.0217388
1.16286 0.985044 -0.0268397
1.16412 0.990972 -0.0187157
1.15205 1.00908 -0.0160561
1.14291 1.01246 -0.0214819
1.13791 1.02339 -0.0274084
1.12577 1.00514 -0.0199013
1.10943 1.00647 -0.0273158
1.08389 1.00035 -0.0295231
1.08301 0.985096 -0.0310725
1.0774 0.978564 -0.037212
1.07343 0.958845 -0.0515757
1.06408 0.940818 -0.0500786
1.0657 0.938155 -0.0464864
1.05644 0.938518 -0.0422309
1.05469 0.937015 -0.0604543
1.04522 0.960154 -0.0586795
1.05342 0.957391 -0.0572359
1.06889 0.950171 -0.0528047
1.04557 0.947972 -0.048836
1.03456 0.950136 -0.0363926
1.02089 0.957372 -0.0236004
1.02712 0.96765 -0.0126343
1.03103 0.971059 -0.00975058
1.02769 0.980948 0.000172933
1.04359 0.96876 0.0106971
1.03942 0.959755 0.0133248
1.05404 0.948356 0.013883
1.06769 0.94283 0.0206727
1.08344 0.948575 0.0366722
1.08675 0.948879 0.0391229
1.07736 0.942013 0.0390319
1.0636 0.946254 0.0507926
1.06084 0.950109 0.0543449
1.05651 0.931954 0.0564363
1.04662 0.92587 0.0615939
1.06284 0.909554 0.061141
1.05564 0.909607 0.0472239
1.05699 0.892535 0.0492373
1.07333 0.885492 0.0468228
1.06032 0.893409 0.0550104
1.05891 0.895883 0.0539826
1.05763 0.890783 0.060728
1.06423 0.895833 0.0555617
1.07115 0.891458 0.0629345
1.0596 0.896258 0.0652829
1.06338 0.879689 0.0705296
1.06637 0.876292 0.0640346
1.09115 0.869003 0.0661273
1.10439 0.853995 0.0745204
1.09835 0.841533 0.076527
1.09673 0.82857 0.0621483
1.10357 0.833253 0.0457015
1.1029 0.836933 0.0410887
1.10727 0.845983 0.0382424
1.09827 0.855552 0.0369651
1.09879 0.870742 0.0322881
1.09494 0.883606 0.0330324
1.09862 0.892108 0.0359271
1.11023 0.90076 0.0351014
1.11346 0.900707 0.0374239
1.11449 0.895062 0.036392
1.11658 0.881758 0.0338003
1.1181 0.855533 0.0383675
1.13403 0.841765 0.0429047
1.1323 0.851514 0.0297986
1.14112 0.864512 0.0314842
1.1303 0.855594 0.0444677
1.11154 0.84972 0.0444376
1.10325 0.839392 0.0467948
1.1065 0.833064 0.03584
1.0999 0.824538 0.0507126
1.08495 0.826488 0.045209
1.08585 0.812056 0.0334629
1.05927 0.822258 0.0244693
1.048 0.829308 0.0289063
1.06045 0.829418 0.0242731
1.0692 0.836168 0.0226509
1.05794 0.838724 0.00625556
1.07205 0.851738 0.0215627
1.0768 0.848635 0.0279223
1.08227 0.852187 0.0222087
1.08461 0.862913 0.0325577
1.10653 0.855943 0.0272652
1.10996 0.866674 0.0242632
1.13021 0.863945 0.0278642
1.11285 0.869274 0.032165
1.11245 0.879512 0.0284675
1.11441 0.880939 0.0181454
1.12797 0.89303 0.0303481
1.13181 0.894227 0.0267446
1.11299 0.894886 0.0248639
1.11673 0.895265 0.0249562
1.11038 0.896429 0.0321654
1.09947 0.908949 0.0306522
1.10167 0.927182 0.0323033
1.09255 0.91809 0.0378993
1.07292 0.924535 0.0286111
1.06692 0.913867 0.020588
1.06122 0.912516 0.0258962
1.06308 0.922677 0.0166309
1.08203 0.924935 0.0154783
1.09462 0.902214 0.0175933
1.08235 0.914514 0.0230272
1.08755 0.905577 0.0158624
1.09831 0.911053 0.0309311
1.10401 0.918629 0.0294917
1.10832 0.910259 0.0265762
1.11532 0.903005 0.0297122
1.11725 0.906986 0.0144528
1.10936 0.912668 0.0187079
1.09026 0.906901 0.0194538
1.10854 0.911877 0.0313966
1.11551 0.893764 0.0177757
1.12541 0.909043 7.88206e-05
1.11668 0.906537 0.00150255
1.1244 0.92193 -0.00258792
1.13193 0.925608 -0.000152615
1.11746 0.925365 0.0013905
1.12359 0.933312 -0.00768566
1.12866 0.929276 0.00177663
1.13212 0.925118 0.00273596
1.13041 0.929014 -0.0014227
1.12549 0.915862 0.00246368
1.12414 0.913823 0.000799873
1.11816 0.918446 0.00282551
1.1043 0.907343 0.00631776
1.10857 0.9045 0.00483903
1.10339 0.91098 0.00366812
1.11621 0.903754 0.011778
1.10587 0.906549 0.0202781
1.10245 0.917756 0.0192244
1.08563 0.915338 0.0123493
1.09941 0.903048 0.0131216
1.08511 0.890494 0.0128722
1.08753 0.887266 0.0152603
1.09036 0.908811 0.0144093
1.08415 0.917174 0.0252814
1.07657 0.912743 0.0267763
1.08845 0.923234 0.0341414
1.08457 0.922408 0.0336503
1.08337 0.919956 0.0256866
1.06995 0.919899 0.0297163
1.07892 0.923623 0.0332081
1.08681 0.94362 0.0352061
1.09378 0.936053 0.0250051
1.10472 0.941064 0.0313684
1.10888 0.947218 0.0399135
1.11772 0.95329 0.0465781
1.11989 0.963291 0.044362
1.11112 0.981543 0.0393051
1.11642 0.96797 0.0480345
1.1167 0.97238 0.0517967
1.12146 0.960716 0.0472529
1.11433 0.963826 0.0557538
1.10994 0.943435 0.0476571
1.10408 0.949963 0.049857
1.10332 0.961453 0.05486
1.10937 0.962259 0.0510109
1.09076 0.951603 0.0435984
1.08791 0.948174 0.0473845
1.09736 0.948881 0.0477442
1.09018 0.946357 0.0553202
1.09104 0.950156 0.0453499
1.08338 0.949144 0.0503008
1.06784 0.941226 0.0493305
1.06123 0.933042 0.0536172
1.07266 0.928558 0.0373491
1.08571 0.923597 0.0352903
1.0821 0.919293 0.0271684
1.06241 0.937588 0.0258335
1.05996 0.938003 0.0185764
1.05762 0.946934 0.0100691
1.06071 0.951731 0.0108064
1.06015 0.943623 0.00938722
1.07635 0.961037 0.0012472
1.06571 0.964666 -0.00344339
1.07113 0.961004 -0.00565227
1.07636 0.95992 -0.0128556
1.08654 0.962378 -0.0133266
1.07338 0.96318 -0.0203695
1.07662 0.966996 -0.0139681
1.0654 0.9747 -0.0151574
1.06446 0.972687 -0.0195919
1.08823 0.977858 -0.0167807
1.07822 0.972484 -0.0219642
1.07923 0.968746 -0.0303067
1.08095 0.969735 -0.0429016
1.07442 0.95909 -0.0385055
1.07306 0.959132 -0.0403437
1.08662 0.972637 -0.0339104
1.08928 0.956486 -0.0325733
1.09436 0.944391 -0.0342442
1.08016 0.9432 -0.0430505
1.06386 0.953802 -0.0349775
1.05593 0.948555 -0.0295269
1.05663 0.961343 -0.0317792
1.05181 0.96745 -0.032717
1.05547 0.965798 -0.0371629
1.04633 0.956492 -0.0280173
1.04957 0.964363 -0.0345847
1.03618 0.963189 -0.0301534
1.03127 0.961041 -0.0214547
1.02616 0.963702 -0.0088911
1.02741 0.969235 -0.00833398
1.02886 0.974943 -0.0090027
1.0261 0.985795 0.00303912
1.03066 0.998451 0.00254155
1.03395 0.994468 -0.0050204
1.03417 0.993593 -0.00343972
1.0358 0.995766 0.00127612
1.03093 1.00049 -0.00621736
1.0316 0.996597 -0.016033
1.03023 0.987994 -0.0221283
1.02582 0.994968 -0.0241249
1.027 1.00612 -0.0256917
1.02781 0.997725 -0.0301939
1.03177 1.00027 -0.0237771
1.0336 0.995441 -0.0238458
1.0376 1.00335 -0.0207879
1.0395 0.999744 -0.0197853
1.03415 0.989011 -0.0184781
1.04073 0.993778 -0.00577463
1.0421 1.00004 -0.00136817
1.04009 0.984436 -0.0051612
1.04211 0.990672 -0.00487632
1.0304 0.997086 -0.00980794
1.02092 0.998019 -0.0107312
1.02112 1.01239 -0.0108158
1.03037 1.01236 0.0035528
1.03296 1.00743 -0.000817593
1.03836 1.01228 0.00540311
1.03453 1.01566 0.00100528
1.05062 1.00936 0.00564685
1.06087 1.01581 -0.00121386
1.06759 1.01698 -0.0059032
1.08692 1.00447 -0.00654327
1.09347 1.01132 -0.00404097
1.10316 1.0068 -0.00221
1.09553 0.994699 -0.00520633
1.10357 0.994434 0.0034328
1.09222 0.989399 0.00114811
1.09961 0.994631 0.00349317
1.10094 0.997899 0.00673517
1.10503 1.00429 0.0115519
1.10963 1.0127 0.0158434
1.10406 1.01651 0.0249255
1.10384 1.01525 0.0141825
1.11104 1.01934 0.0115401
1.10294 1.02333 0.0132754
1.10371 1.0173 0.0146318
1.09123 1.01824 0.0189808
1.08689 1.02506 0.0193753
1.08322 1.03093 0.0223299
1.08268 1.02579 0.0385099
1.07861 1.01884 0.0512389
1.08737 1.02411 0.0574207
1.09356 1.02019 0.0472984
1.08015 1.01759 0.0461382
1.09057 1.0263 0.0443972
1.08688 1.02306 0.0441404
1.10025 1.02653 0.0455311
1.10398 1.02508 0.0560239
1.09434 1.02463 0.0579115
1.08657 1.00459 0.0564175
1.08669 1.00664 0.0634102
1.06906 0.996107 0.0649052
1.0701 1.00019 0.0585218
1.07996 1.00334 0.0559791
1.0861 1.00542 0.0460165
1.07883 1.00476 0.0366063
1.08225 1.01031 0.038027
1.07988 1.00766 0.0360407
1.07562 1.00701 0.0443393
1.07892 1.00484 0.0382208
1.07699 1.00111 0.0411676
1.07807 1.0157 0.0371734
1.07093 1.01458 0.0387453
1.06628 1.00209 0.0341688
1.05934 0.994406 0.0305456
1.06795 0.991131 0.0165987
1.05897 0.980238 0.020126
1.04405 0.975616 0.0184895
1.04591 0.980123 0.00467189
1.04363 0.977227 0.00535106
1.04735 0.983883 0.008698
1.02988 0.969821 0.00206476
1.04362 0.970985 -0.0032766
1.04872 0.971733 -0.00415179
1.04751 0.974008 0.00474472
1.05472 0.963029 0.00373365
1.05062 0.959819 0.00523872
1.05894 0.95707 0.0128346
1.04905 0.958384 0.00881747
1.0584 0.955749 0.0131584
1.06282 0.95706 0.0109305
1.0608 0.953216 0.00436026
1.05181 0.940324 0.00744061
1.03645 0.943226 0.0041802
1.03918 0.932646 0.0111978
1.04578 0.934606 0.00298441
1.06616 0.932104 0.00433943
1.06808 0.929429 -0.00739784
1.05196 0.928839 -0.00819408
1.04757 0.930671 -0.0042949
1.03718 0.93573 -0.0106379
1.04512 0.943882 -0.0149766
1.03927 0.949838 -0.0202344
1.04469 0.953516 -0.0210893
1.04365 0.9569 -0.0258052
1.03829 0.957639 -0.0217551
1.04465 0.965511 -0.0146343
1.04303 0.958203 -0.0115548
1.04714 0.960838 -0.017665
1.05641 0.969052 -0.0164269
1.05075 0.966848 -0.00950349
1.04885 0.966593 -0.0102404
1.05564 0.966262 -0.0166476
1.04944 0.962135 -0.016456
1.03481 0.957017 -0.0188284
1.0293 0.939329 -0.0105226
1.02519 0.936368 -0.0163183
1.01128 0.931715 -0.0174577
1.01081 0.933107 -0.0139135
0.999759 0.932558 -0.0248845
1.00126 0.926058 -0.0263022
1.0116 0.941206 -0.026365
1.01185 0.934065 -0.0238814
1.00142 0.927719 -0.0238024
0.991562 0.928741 -0.0171479
0.994432 0.929699 -0.0100144
0.999135 0.921751 -0.0114258
0.998813 0.898984 -0.00377311
0.999111 0.916051 -0.0066774
0.996659 0.900637 -0.00315621
0.985869 0.898026 -0.0055172
0.973152 0.902253 -0.00905932
0.981226 0.910064 -0.00539015
0.973343 0.915748 -0.0112579
0.982321 0.909182 -0.01821
0.986588 0.91275 -0.0120382
0.989603 0.910311 -0.00487779
1.00639 0.923982 -0.00961883
1.01209 0.923141 -0.0135395
1.01799 0.931261 -0.0127338
1.01553 0.932059 -0.00794352
1.01884 0.927203 -0.0117553
1.02461 0.940707 -0.011088
1.04129 0.940245 -0.0115266
1.04651 0.932969 -0.0133966
1.04815 0.939504 -0.0134352
1.04656 0.936643 -0.0134622
1.03755 0.939545 -0.0110854
1.04094 0.944987 -0.0109852
1.0557 0.950315 -0.00169275
1.06423 0.952686 0.0101286
1.07838 0.953312 0.0130134
1.07022 0.969278 0.00511531
1.06619 0.963889 0.0138431
1.06865 0.971179 0.0122515
1.07415 0.964155 0.016104
1.07816 0.969696 0.0107558
1.08072 0.963757 0.00796894
1.07779 0.962136 0.0106296
1.0804 0.956531 0.00645641
1.09216 0.953319 0.00739451
1.09265 0.94733 0.00119407
1.08921 0.935361 -0.00316164
1.08952 0.930315 0.00225722
1.09076 0.931475 -0.00430281
1.09445 0.933727 0.00239136
1.10764 0.936227 0.00498977
1.11037 0.953975 0.00812363
1.11905 0.946144 0.0034095
1.12339 0.950258 0.00901373
1.13052 0.947733 -0.000119152
1.12954 0.945208 -0.00589977
1.12622 0.940731 -0.00302065
1.12948 0.939693 -0.00364022
1.12487 0.92978 -0.00725391
1.11688 0.925296 -0.00020135
1.12298 0.921517 0.00234274
1.13672 0.916843 0.00883265
1.13927 0.910667 0.00364258
1.13329 0.909656 0.000825616
1.13008 0.905354 -0.000193046
1.12652 0.893811 0.013552
1.12298 0.897239 0.0192967
1.13131 0.904502 0.0152582
1.13621 0.913786 0.0199563
1.14833 0.920984 0.0293192
1.15714 0.925636 0.0385002
1.16217 0.917709 0.0350225
1.16836 0.921134 0.0293544
1.17424 0.925697 0.0329168
1.18379 0.922079 0.034088
1.18843 0.929756 0.0308831
1.20939 0.915229 0.0264883
1.218 0.926745 0.0329477
1.21511 0.923827 0.0305369
1.21758 0.924584 0.0315982
1.21627 0.909857 0.0342043
1.20652 0.911799 0.0273283
1.21563 0.919022 0.0304678
1.21107 0.927354 0.023539
1.21012 0.938773 0.0251308
1.20525 0.944066 0.0299947
1.20589 0.945599 0.035243
1.20145 0.940273 0.0330917
1.1961 0.94921 0.0291849
1.2028 0.949439 0.0227693
1.19799 0.955383 0.0264498
1.18956 0.947189 0.0214436
1.18605 0.950186 0.0356254
1.19676 0.948537 0.0217182
1.20269 0.939416 0.0105975
1.20153 0.936428 0.00786727
1.20499 0.934793 0.00253532
1.19061 0.943196 0.00887799
1.18961 0.941905 0.0130554
1.19597 0.94304 0.00548123
1.1979 0.943282 0.00608495
1.20652 0.952121 0.00391943
1.21123 0.948179 0.00620516
1.20974 0.959297 0.0036882
1.20881 0.951399 0.00211972
1.22042 0.943723 -0.000751266
1.20877 0.956082 -0.000222191
1.21643 0.957926 -0.00556089
1.21442 0.959038 -0.00721088
1.22253 0.957161 -0.0036303
1.21175 0.961758 0.00420921
1.20667 0.962211 0.000436102
1.21085 0.954846 0.00790717
1.2004 0.952983 0.0101968
1.20201 0.965159 0.0142266
1.1937 0.968274 0.0185143
1.19853 0.969607 0.0156273
1.19689 0.966664 0.0133042
1.20018 0.962073 0.0116251
1.19671 0.972044 0.0155759
1.20077 0.976584 0.0086606
1.2014 0.983643 0.00753282
1.20072 0.978985 0.0132549
1.20177 0.984537 0.0113585
1.21547 0.995597 0.0144216
1.21535 0.988091 0.0156828
1.22024 0.988365 0.0128153
1.21856 0.980449 0.00896104
1.23296 0.982425 0.0107611
1.23588 0.985701 0.0122474
1.22387 0.982436 0.00951723
1.22605 0.974512 0.00435182
1.21834 0.967455 0.00755686
1.22793 0.975846 0.0127636
1.23118 0.974681 0.0191791
1.23899 0.983028 0.0144881
1.22524 0.981816 0.00511388
1.24021 0.979585 0.00718458
1.2298 0.989779 0.00587374
1.22164 0.998772 0.0037137
1.22773 1.00056 0.00373257
1.2285 1.00679 0.00147745
1.2248 1.00098 0.00203789
1.2241 1.00658 0.00690001
1.23374 1.00879 0.0107273
1.24252 1.02372 0.0117209
1.26083 1.02255 0.0111205
1.26632 1.01506 0.0123158
1.27029 1.02545 0.00671376
1.2612 1.00718 0.0138014
1.25664 1.00533 0.0232179
1.25702 1.00543 0.0273575
1.2461 1.00519 0.0319505
1.25449 1.00445 0.0359407
1.25096 1.01368 0.0411729
1.23827 1.02081 0.0309208
1.241 1.02509 0.031404
1.2469 1.03282 0.0295439
1.25046 1.03761 0.0294029
1.23712 1.04184 0.0355705
1.24536 1.04647 0.0330482
1.24808 1.0452 0.0306407
1.24619 1.04888 0.0261971
1.25936 1.05122 0.0222999
1.26703 1.05735 0.021631
1.26075 1.049 0.0225637
1.26707 1.04859 0.023178
1.26745 1.05438 0.0171149
1.2567 1.065 0.0119302
1.26125 1.05999 0.0143216
1.25986 1.0524 0.0147122
1.24109 1.04777 0.0135574
1.24567 1.05391 0.0169701
1.25207 1.05287 0.016689
1.24944 1.06249 0.0132223
1.23946 1.05296 0.0192379
1.22479 1.04151 0.0255775
1.2137 1.04639 0.0330154
1.21733 1.05117 0.0365144
1.21136 1.03732 0.0341633
1.22017 1.03963 0.0391271
1.23657 1.03572 0.0269538
1.22685 1.04029 0.0294993
1.23041 1.03251 0.0333848
1.22293 1.03677 0.0269335
1.22316 1.03747 0.0262557
1.22417 1.03277 0.0256866
1.21989 1.03053 0.0256185
1.2192 1.03015 0.035566
1.21817 1.02831 0.030984
1.21602 1.02374 0.0303983
1.21664 1.01957 0.0297864
1.20752 1.02877 0.0293316
1.21459 1.03131 0.0252408
1.20847 1.02771 0.0225189
1.20025 1.03809 0.0239547
1.19814 1.04656 0.0209063
1.2082 1.04589 0.0155767
1.19757 1.0336 0.0177796
1.20256 1.03785 0.0145223
1.18328 1.02538 0.017924
1.17156 1.02814 0.0163867
1.18343 1.02683 0.0219096
1.18135 1.02633 0.0223342
1.18841 1.02384 0.0216319
1.19039 1.02041 0.0158095
1.18058 1.02073 0.00604997
1.17613 1.02313 0.0128288
1.17713 1.0235 0.0202394
1.16947 1.03827 0.0279389
1.15838 1.04608 0.0197649
1.15547 1.05307 0.0188508
1.15592 1.05629 0.018901
1.1428 1.05857 0.0231572
1.14274 1.06297 0.0168229
1.13655 1.04833 0.0147732
1.14039 1.05623 0.00735301
1.13217 1.04806 0.00747539
1.13508 1.05256 0.00420697
1.1403 1.05438 0.00674914
1.13367 1.04654 0.00641935
1.13025 1.05003 0.0109934
1.12551 1.03986 0.00671614
1.13214 1.03912 0.00633216
1.12779 1.03814 0.00912543
1.12744 1.03456 0.00361034
1.11816 1.02582 -0.000604686
1.12364 1.02204 -0.000381108
1.1275 1.01202 -0.000645037
1.12159 1.01269 -0.00155654
1.12922 0.998492 -0.0114934
1.12642 1.00496 -0.00566642
1.12199 0.997571 0.00838522
1.14169 1.00271 0.00330894
1.13711 1.0053 0.0052506
1.13919 1.01831 0.00657559
1.14699 1.0241 0.00624563
1.14925 1.02011 0.00994334
1.15073 1.01032 0.00402492
1.14056 1.00804 0.0112584
1.13514 1.01634 0.010617
1.1433 1.02329 0.00622237
1.1369 1.01785 -0.00136388
1.1405 1.01591 0.00329099
1.14592 1.01109 0.00730791
1.13225 1.01836 -0.000261442
1.13932 1.00215 -0.00688024
1.13951 1.01098 -0.00236278
1.14632 1.01702 -0.00670657
1.14592 1.01187 -0.0147396
1.13875 1.00342 -0.0148066
1.13621 0.992567 -0.021177
1.1276 0.989613 -0.0268028
1.13037 1.0039 -0.0197057
1.12785 0.988484 -0.0230464
1.14268 0.98391 -0.023187
1.14997 0.975348 -0.0252224
1.14858 0.978739 -0.0156565
1.15234 0.979347 -0.0108476
1.15298 0.976757 0.00201097
1.15356 0.970994 -0.000764787
1.14842 0.973224 0.00307138
1.15022 0.976065 0.00377086
1.15056 0.976611 0.003619
1.15369 0.965829 0.00702351
1.15807 0.965462 0.0105308
1.16683 0.957616 0.0102466
1.16388 0.946805 0.0129747
1.16613 0.939158 0.0196524
1.15548 0.934587 0.0151902
1.1532 0.940544 0.0181211
1.143 0.943877 0.0188361
1.15326 0.940195 0.020959
1.15458 0.937635 0.0136643
1.16444 0.935659 0.00851589
1.16257 0.92893 0.00799461
1.14523 0.923919 0.00162258
1.13253 0.921119 0.00497588
1.13246 0.908981 0.00918141
1.131 0.90351 0.013392
1.12723 0.903481 0.0139976
1.126 0.901376 0.00953512
1.12272 0.901429 0.00566963
1.12399 0.888226 0.00413848
1.12202 0.888165 -0.00437386
1.12581 0.887292 -0.00741513
1.11927 0.887253 -0.00284878
1.11815 0.880594 -0.00402633
1.12334 0.888181 -0.00454206
1.12694 0.895627 -0.00603651
1.1232 0.899757 -0.00697708
1.12982 0.906671 -0.00508334
1.12757 0.906769 -0.00648618
1.11895 0.91643 -0.00358732
1.11834 0.919734 -0.00772038
1.12069 0.926101 -0.00675041
1.12611 0.933454 -0.0101946
1.11351 0.923054 -0.0157091
1.09607 0.923183 -0.0141508
1.09436 0.918858 -0.0167813
1.0904 0.913392 -0.0203629
1.09812 0.918796 -0.0226215
1.09179 0.910498 -0.0202227
1.08723 0.920655 -0.0232981
1.09095 0.9114 -0.0245123
1.09268 0.915716 -0.0140889
1.10228 0.919217 -0.00830623
1.10106 0.920796 -0.0190692
1.10637 0.913503 -0.0145869
1.1106 0.91844 -0.0108942
1.11421 0.914053 -0.00321147
1.11663 0.913877 -0.00362321
1.11395 0.909624 -0.00595623
1.1086 0.907241 -0.0049272
1.109 0.909855 -0.00401216
1.10703 0.89822 -0.00337353
