0.983267 0.957011 0.0420647
0.984591 0.994514 0.0419217
1.01513 0.965969 0.0536907
1.00056 0.959725 0.0408501
0.974981 0.991172 0.0138021
0.974856 1.00746 -0.00241599
0.976326 1.02489 0.0165129
0.948006 1.04215 0.0378739
0.951275 1.05829 0.0451817
0.960218 1.04147 0.0429064
0.948985 1.05246 0.0522819
0.988985 1.04699 0.0470635
1.01675 1.02547 0.0314366
1.04366 1.01664 0.0394245
1.03767 0.990495 0.0192222
1.01847 0.9751 0.0201856
1.00072 0.989025 0.0269712
0.996478 0.994283 0.0129639
1.00184 0.973993 0.0239023
0.974068 0.972341 0.0151005
0.975469 0.959411 0.0259721
0.974087 0.982094 0.0299433
0.951518 1.00775 0.0323507
0.959578 0.998441 0.0247772
0.965839 0.994594 0.0353545
0.974144 0.990148 0.0285796
0.982039 0.996714 0.0274913
0.995146 1.00557 0.024771
0.987189 0.991019 0.0183181
0.99711 0.983203 0.00561505
0.999445 0.981655 0.00872871
0.997841 0.991643 0.0118329
1.00461 0.996106 0.0153931
1.00293 0.982804 0.00771884
1.00316 0.976716 0.0140046
1.00148 0.977636 0.0145677
1.00287 0.980204 0.0168431
1.00984 0.96812 0.0118157
1.0138 0.973054 0.011424
1.01617 0.958549 0.00605916
1.01221 0.956455 0.00457969
1.03133 0.952405 0.00244861
1.02173 0.94234 -0.00909565
1.01225 0.940583 -0.00673454
1.01335 0.942871 -0.00954697
1.01001 0.968703 -0.00624533
0.996083 0.964693 0.00180501
1.00014 0.979131 -0.00650644
0.999446 0.96266 -0.00778262
0.996335 0.970494 -0.0131537
1.00277 0.976217 -0.011275
0.997227 0.978611 -0.0188206
0.986594 0.976614 -0.00989885
0.973863 0.981015 -0.0133317
0.979129 0.991379 -0.0136223
0.986771 0.990368 -0.0205681
0.986902 0.993174 -0.0197853
0.983312 0.991853 -0.0157478
0.994689 0.987891 -0.0248267
0.996141 0.996825 -0.0178501
1.00287 0.999536 -0.0323691
1.01798 1.00238 -0.0362465
1.02716 0.994195 -0.0325153
1.02394 0.980715 -0.0305233
1.01464 0.97606 -0.0347622
1.01837 0.980334 -0.0380035
1.02219 0.96763 -0.0354194
1.02315 0.97389 -0.0310038
1.02084 0.971048 -0.033874
1.01686 0.97104 -0.0340612
1.01633 0.962171 -0.0316851
1.02433 0.97272 -0.0326293
1.032 0.972043 -0.0376562
1.0249 0.967355 -0.0346711
1.02735 0.963526 -0.0342918
1.03419 0.95728 -0.0408291
1.02677 0.950324 -0.0343506
1.0174 0.947501 -0.0391325
1.01042 0.964514 -0.0372046
1.00642 0.971565 -0.0244364
1.00835 0.967807 -0.0256171
1.02502 0.970542 -0.0218001
1.02243 0.970056 -0.0247962
1.02392 0.963966 -0.0268761
1.03199 0.960513 -0.0204407
1.02404 0.962254 -0.028457
1.02579 0.961632 -0.0333932
1.02862 0.949385 -0.0296793
1.0294 0.959931 -0.0320127
1.03495 0.965083 -0.0322876
1.0275 0.965406 -0.0398717
1.02666 0.964121 -0.0428029
1.03153 0.951712 -0.039587
1.03907 0.953686 -0.0422555
1.03411 0.961702 -0.0396812
1.03871 0.970287 -0.0327663
1.03435 0.978429 -0.0436521
1.02483 0.981247 -0.0422274
1.02113 0.977081 -0.0446446
1.01278 0.968681 -0.0508474
1.01647 0.966886 -0.0451178
1.01143 0.971704 -0.0440237
1.00984 0.97989 -0.0542825
1.0067 0.987217 -0.0632754
1.00866 0.983979 -0.0555952
1.00674 0.969698 -0.0586229
1.0045 0.982877 -0.0548772
1.00128 0.985188 -0.0536658
0.994456 0.994456 -0.049055
0.997352 0.994737 -0.0471811
0.993773 0.992796 -0.0456465
0.990967 0.988472 -0.050138
0.983818 0.994691 -0.0578131
0.976098 0.993854 -0.0524924
0.979262 0.98569 -0.0505505
0.977733 0.992674 -0.049061
0.978328 0.992746 -0.0453612
0.985029 0.998053 -0.0414321
0.982235 0.992258 -0.0404177
0.977974 0.985769 -0.0374186
0.978799 0.991052 -0.0379382
0.980987 0.99264 -0.0413205
0.972332 0.989533 -0.0396124
0.967599 0.990256 -0.044026
0.952294 0.987683 -0.0358609
0.95167 0.994726 -0.0416499
0.950441 0.998021 -0.0412815
0.956768 1.00435 -0.0430748
0.951617 1.01078 -0.0430983
0.958264 1.01222 -0.0408038
0.952877 1.00985 -0.0386011
0.956476 1.01108 -0.0412035
0.959852 1.01522 -0.0409178
0.962702 1.0162 -0.0447047
0.95596 1.01222 -0.0475804
0.962956 1.01702 -0.0430137
0.959874 1.00685 -0.0479406
0.970312 1.00874 -0.0502176
0.971812 1.00741 -0.0497041
0.972316 1.01318 -0.0513286
0.976479 1.00925 -0.0609236
0.977717 1.01731 -0.0579604
0.977599 1.02752 -0.0582429
0.968243 1.03496 -0.0599746
0.97233 1.03147 -0.0563265
0.979269 1.03744 -0.0552245
0.971948 1.03843 -0.0597842
0.98512 1.03492 -0.0608648
0.987586 1.03466 -0.0631731
0.991506 1.02972 -0.0617179
0.992088 1.03715 -0.0589499
0.98862 1.03586 -0.0515691
0.995538 1.03143 -0.0495113
0.996488 1.02664 -0.051207
1.00153 1.02759 -0.0495354
1.00088 1.02674 -0.0487379
0.995398 1.01631 -0.0497371
0.995824 1.0132 -0.0529181
1.00022 1.01081 -0.0526387
1.00144 1.00434 -0.0555773
1.00336 1.00005 -0.0522966
0.998332 1.00176 -0.052471
0.996124 1.00122 -0.0465034
0.989346 1.00217 -0.042825
1.00574 0.996549 -0.0438878
1.0092 0.991428 -0.0429014
1.00976 0.984845 -0.0457939
1.00827 0.988558 -0.0421177
1.00719 0.987717 -0.0424636
1.00481 0.99105 -0.0434515
1.00263 0.983768 -0.0387933
0.99995 0.981097 -0.0417563
0.995818 0.98229 -0.0442418
1.00096 0.983285 -0.0433768
0.994954 0.979199 -0.0412157
0.988757 0.977798 -0.0396784
0.986296 0.975498 -0.0406135
0.991707 0.97219 -0.037052
0.988981 0.968659 -0.0316472
0.986593 0.968127 -0.0293613
0.990684 0.96432 -0.0232567
0.983077 0.963382 -0.0253185
0.983635 0.968062 -0.028088
0.979288 0.966486 -0.0304437
0.980376 0.968445 -0.0309036
0.977379 0.970153 -0.0237316
0.971284 0.971331 -0.0235236
0.965321 0.974574 -0.0288384
0.964081 0.969924 -0.028702
0.967002 0.971211 -0.0303247
0.975201 0.971584 -0.02877
0.980336 0.970803 -0.029687
0.984316 0.968896 -0.0265735
0.981734 0.968316 -0.0290887
0.984974 0.979026 -0.0324375
0.987705 0.977863 -0.036178
0.991538 0.974818 -0.0328361
0.986317 0.973208 -0.0350832
0.98478 0.969525 -0.0358575
0.990744 0.966187 -0.030224
0.993338 0.967534 -0.0271019
0.993644 0.968039 -0.0256228
0.992514 0.972678 -0.0335289
0.983067 0.973337 -0.0399789
0.984595 0.971323 -0.0464471
0.990286 0.972274 -0.0466729
0.986562 0.974169 -0.0450601
0.989091 0.974647 -0.0449824
0.98797 0.972006 -0.0479802
0.983143 0.969879 -0.0472258
0.978358 0.962029 -0.0515277
0.981311 0.956481 -0.0510235
0.990049 0.952658 -0.0484811
0.990716 0.956404 -0.0494337
0.987172 0.957254 -0.046908
0.983694 0.961904 -0.0507231
0.988328 0.96128 -0.0497977
0.987295 0.956199 -0.0440799
0.983658 0.952097 -0.046429
0.980654 0.947105 -0.0530702
0.977112 0.949594 -0.0556501
0.982309 0.952748 -0.0508146
0.985235 0.957195 -0.0551847
0.990457 0.961806 -0.0519956
0.984396 0.959296 -0.0532162
0.979502 0.963585 -0.0537927
0.981337 0.966086 -0.0458002
0.978677 0.968778 -0.0460131
0.977474 0.9672 -0.0453532
0.977402 0.964221 -0.0492868
0.979445 0.966115 -0.047273
0.980158 0.96939 -0.0502474
0.985447 0.96914 -0.0475604
0.993786 0.971437 -0.0480522
1.00028 0.97267 -0.0472794
1.00288 0.974586 -0.0465848
1.00195 0.973435 -0.0478543
1.00348 0.96717 -0.0502587
1.00025 0.9633 -0.0484473
0.998837 0.974497 -0.0504314
0.995703 0.978054 -0.0506246
0.99813 0.978373 -0.0525359
0.99856 0.973686 -0.0507337
0.992269 0.972687 -0.0490097
0.993355 0.967589 -0.0436233
0.99483 0.967946 -0.0381235
0.999468 0.967516 -0.0422987
0.995758 0.969277 -0.0409661
0.997882 0.97187 -0.0382478
1.00484 0.971666 -0.0385622
1.00484 0.975156 -0.0334527
1.00247 0.973713 -0.0330455
1.00172 0.969804 -0.0349662
0.997992 0.967605 -0.031833
0.996651 0.967414 -0.0356897
1.00019 0.970111 -0.0392385
0.995661 0.969882 -0.0422593
0.988423 0.966067 -0.041364
0.987106 0.965472 -0.0410853
0.98793 0.964361 -0.0410553
0.986871 0.96171 -0.0439542
0.987878 0.960311 -0.0372814
0.978823 0.957818 -0.0358422
0.980365 0.957951 -0.0319531
0.979251 0.956357 -0.0321635
0.979047 0.957102 -0.0280136
0.982633 0.961219 -0.0211609
0.982324 0.961309 -0.0156283
0.983255 0.95959 -0.0162774
0.983054 0.967523 -0.0171815
0.988529 0.969567 -0.0188394
0.99805 0.970054 -0.0216452
0.993878 0.968664 -0.0199646
0.988943 0.968743 -0.0177114
0.98946 0.971648 -0.0170521
0.991964 0.975662 -0.0144182
0.989828 0.974301 -0.0141828
0.991119 0.9752 -0.0122221
0.989268 0.98124 -0.0132234
0.993788 0.983598 -0.0179709
0.988366 0.986518 -0.0202097
0.983293 0.991126 -0.0233602
0.985504 0.988113 -0.0227576
0.979737 0.987561 -0.0247443
0.97546 0.981962 -0.0217001
0.975682 0.985224 -0.0190348
0.975173 0.985292 -0.0168187
0.973922 0.988548 -0.0182255
0.966322 0.994095 -0.0192873
0.969675 1.00061 -0.0179184
0.972403 0.998089 -0.0179589
0.977741 0.997577 -0.0181466
0.975004 0.998841 -0.0155075
0.978401 1.00005 -0.0171056
0.977169 1.00073 -0.0180197
0.980993 1.00172 -0.0151486
0.983743 1.00132 -0.0142564
0.986387 1.00052 -0.0158533
0.980546 0.996978 -0.0153393
0.985078 0.9931 -0.0164433
0.989107 0.990409 -0.0194461
0.989083 0.991436 -0.0172294
0.990278 0.992388 -0.0182446
0.988277 0.994081 -0.0192931
0.989163 0.993725 -0.0201237
0.993934 0.99556 -0.0183634
0.996435 0.990976 -0.0156566
0.99822 0.988449 -0.0170373
0.991985 0.991386 -0.0159437
0.988561 0.992357 -0.0133206
0.988111 0.994054 -0.0107508
0.982588 0.991842 -0.0145046
0.975636 0.99235 -0.0178076
0.971454 0.996637 -0.013355
0.976356 0.995131 -0.014926
0.972762 1.00142 -0.00891785
0.975865 1.00003 -0.011352
0.973483 0.996844 -0.00520587
0.980128 0.990383 -0.00565738
0.980268 0.992969 -0.00870205
0.982046 0.989327 -0.00757984
0.987214 0.988704 -0.0110929
0.982825 0.990721 -0.00914413
0.977343 0.993995 -0.00916626
0.972012 0.997367 -0.00978107
0.96608 0.990115 -0.00924354
0.96538 0.98891 -0.00835174
0.966792 0.989201 -0.00817461
0.965996 0.985658 -0.00983223
0.967657 0.99081 -0.00798769
0.966889 0.98457 -0.00227943
0.968088 0.981697 -0.00200024
0.963819 0.980029 -0.00381984
0.967763 0.980271 -0.00487647
0.972723 0.981374 -0.00574145
0.970315 0.978753 -0.00380931
0.969704 0.982001 -0.000572654
0.968328 0.979847 -0.00344959
0.964143 0.975331 -0.00131842
0.96066 0.97663 -0.00339526
0.957309 0.977885 -0.0070863
0.951797 0.985849 -0.00667001
0.952267 0.984582 -0.00602084
0.951131 0.986572 -0.00275829
0.955849 0.991551 -0.000704368
0.956146 0.997544 0.00115325
0.959499 0.989007 -0.00413451
0.964218 0.992598 -0.005647
0.963579 0.998328 -0.002853
0.972458 0.998586 0.00290826
0.976059 1.00098 -0.000589287
0.977802 0.999819 -0.00272954
0.977508 0.996579 -0.00493522
0.973733 1.00014 -0.00620022
0.979621 0.997879 -0.00873974
0.980939 1.00224 -0.0078236
0.978822 0.999718 -0.0145292
0.979501 1.00515 -0.0175104
0.9845 1.0063 -0.0180333
0.983437 1.00787 -0.0189215
0.980638 1.00723 -0.0207377
0.980511 1.00601 -0.0184367
0.981547 1.00977 -0.0165676
0.983694 1.00996 -0.0149847
0.980352 1.01492 -0.0163783
0.984216 1.01704 -0.0129818
0.984855 1.01372 -0.0117988
0.980403 1.01886 -0.0103224
0.983711 1.02099 -0.00922499
0.987322 1.03078 -0.0107065
0.987504 1.03399 -0.0112611
0.988564 1.02902 -0.00844539
0.983639 1.02377 -0.0090283
0.980642 1.01715 -0.00959224
0.984426 1.0188 -0.00795366
0.987755 1.01924 -0.0013834
0.986103 1.0208 0.000849868
0.986036 1.01508 -0.000814332
0.986214 1.02127 0.00203412
0.988847 1.02457 0.00368756
0.986855 1.02183 0.00222799
0.984796 1.01909 0.00265095
0.978745 1.0235 0.00261719
0.985908 1.02079 -7.87018e-05
0.986547 1.02275 0.00236628
0.981585 1.02146 0.00199675
0.981684 1.02486 0.000468867
0.981653 1.02161 0.00392518
0.980284 1.02448 0.00283397
0.976292 1.01889 -0.00107442
0.977878 1.01933 -0.0004125
0.978771 1.01779 -0.00343416
0.972548 1.01798 -0.00434015
0.970311 1.01701 -0.00336137
0.971449 1.01469 -0.00498378
0.973743 1.01724 -0.00526555
0.973965 1.01447 -0.00586849
0.973944 1.00754 -0.00478435
0.975047 1.00761 -0.00421639
0.975482 1.00755 -0.00379166
0.97358 1.00434 -0.00401967
0.968496 1.00487 -0.000192253
0.96722 1.0031 -0.00357049
0.966915 1.00302 0.00114718
0.972722 1.00612 0.000457638
0.976754 1.00863 -0.00179268
0.980779 1.01159 -0.00410923
0.979019 1.01986 -0.00279423
0.981667 1.02036 -0.00383903
0.985927 1.02325 -0.00498751
0.982232 1.02284 -0.00773271
0.976936 1.018 -0.010665
0.98101 1.019 -0.00889153
0.979407 1.01839 -0.00763308
0.980124 1.01243 -0.0088754
0.980414 1.0136 -0.00742772
0.986021 1.01986 -0.00823258
0.98374 1.01694 -0.00657332
0.981862 1.01482 -0.00753206
0.983765 1.01838 -0.0074139
0.988193 1.01816 -0.00762905
0.989651 1.01862 -0.0035416
0.987946 1.01713 -0.00215217
0.989902 1.01524 -0.00229129
0.988864 1.012 -0.00295125
0.996569 1.01772 -0.00292285
0.994586 1.02331 -0.00254152
0.997215 1.02298 0.000323969
0.997702 1.02345 0.00195231
1.00058 1.02015 0.00441993
1.00087 1.01337 0.00300434
1.00021 1.01685 0.00301308
0.997179 1.01406 0.00209909
0.999722 1.01173 0.00167653
0.991856 1.00843 0.00107629
0.99314 1.01056 -0.000901878
0.990373 1.00884 0.00129065
0.990596 1.00528 0.00358231
0.989229 1.00715 0.00248412
0.99145 1.00842 -0.000404681
0.991637 1.00565 -0.000829758
0.997841 1.00373 -0.000965952
0.997062 1.00603 -0.00369268
1.00177 1.00498 -0.0057231
0.999084 1.00987 -0.00830838
1.00269 1.01265 -0.00784758
0.999902 1.0109 -0.00415596
1.00492 1.0101 0.000174133
1.00363 1.00647 -0.00157503
1.00408 1.01045 -0.00195355
1.00115 1.0126 -0.0014894
1.00241 1.01616 -0.00366155
0.999021 1.01788 -0.00146327
0.999084 1.01869 -0.000589136
0.999334 1.01401 0.000364437
0.997092 1.01624 -0.00541207
0.99748 1.01656 -0.00579991
0.995493 1.0238 0.000518968
0.997322 1.02524 0.00156301
0.992962 1.02209 0.00279337
0.996278 1.02326 0.000239469
1.00161 1.02427 -0.00138361
1.00704 1.02607 -0.00356037
1.00224 1.02292 -0.00288962
1.00118 1.02361 -0.00293729
1.00064 1.02702 -0.00463709
0.997525 1.03059 -0.00237431
0.997921 1.02885 0.00020624
0.995916 1.0295 -0.00258071
0.99716 1.02716 -0.00536093
0.996231 1.02143 -0.00156253
0.993508 1.01405 -0.00080093
0.991712 1.01523 0.000939064
0.989474 1.01904 -0.00384871
0.986835 1.01366 -0.00420287
0.991138 1.01618 -0.00559059
0.983243 1.01868 -0.00606877
0.986393 1.01721 -0.00652717
0.984902 1.01658 -0.00559268
0.980585 1.0127 -0.00562665
0.977364 1.01623 -0.00290715
0.978921 1.01846 -0.00206273
0.979469 1.01762 0.000540514
0.982017 1.02112 0.000435097
0.982218 1.02697 0.00331185
0.987194 1.02763 0.00191201
0.989298 1.03155 0.00182249
0.990246 1.03432 0.00580853
0.988023 1.03117 0.00377268
0.985747 1.03492 0.00423675
0.98371 1.03557 0.00340663
0.986593 1.04213 0.00425435
0.977764 1.04186 0.0028025
0.981446 1.03981 -0.000502371
0.981631 1.0398 -0.000426152
0.978815 1.03943 -0.00183544
0.98016 1.0431 -0.0011142
0.980845 1.04742 -0.00246616
0.980158 1.05085 -0.000638466
0.984567 1.04784 -0.00317846
0.982752 1.05084 -0.000160045
0.984662 1.05223 -0.00186936
0.978201 1.04978 -0.00255215
0.976608 1.05316 -0.00509298
0.976295 1.04817 -0.00408245
0.983145 1.04454 -0.00124712
0.98417 1.04716 0.00072068
0.988113 1.04686 0.000137577
0.992313 1.04137 -0.00242455
0.994404 1.03806 -0.00156047
0.990844 1.03247 -0.00102435
0.988161 1.02792 -0.00324514
0.987813 1.02541 -0.00215775
0.98737 1.02272 -0.00178844
0.985458 1.02348 -0.000362994
0.987897 1.02692 -0.00186241
0.987962 1.02769 -0.00389032
0.990421 1.03125 -0.00276931
0.98956 1.02919 -0.00165576
0.987737 1.02727 -0.00408871
0.986871 1.02785 -0.00354065
0.986385 1.02594 -0.00516348
0.984605 1.02287 -0.0048808
0.987748 1.02425 -0.00431259
0.99024 1.02328 -0.000984683
0.990107 1.02656 -0.0017612
0.987997 1.03103 -0.00287731
0.984745 1.03243 -0.00397178
0.98688 1.03599 -0.0038438
0.98662 1.03263 0.000418487
0.990234 1.0305 0.000125693
0.989207 1.03069 -0.00210563
0.992158 1.03086 -0.00105277
0.991846 1.03069 -0.00441365
0.985858 1.03118 -0.00456557
0.987337 1.02799 -0.00557131
0.986237 1.02548 -0.00512525
0.985771 1.02336 -0.00231349
0.982666 1.02618 -0.00229172
0.986485 1.02418 -0.0060099
0.987525 1.02943 -0.00847247
0.992791 1.0308 -0.00852741
0.990734 1.02704 -0.00660774
0.993529 1.02328 -0.00868839
0.990069 1.01818 -0.00800116
0.985807 1.01552 -0.00788104
0.986979 1.01457 -0.0088124
0.986806 1.01729 -0.00924053
0.990277 1.0173 -0.010702
0.991176 1.01757 -0.00965449
0.992683 1.01689 -0.00958304
0.991235 1.01455 -0.00837337
0.989866 1.01662 -0.00838389
0.99223 1.01781 -0.00962726
0.996111 1.0193 -0.00862956
0.991824 1.01872 -0.00851596
0.991654 1.01782 -0.00864761
0.994685 1.01454 -0.008524
0.994797 1.01775 -0.00723534
0.996092 1.01853 -0.010006
0.992089 1.01683 -0.010252
0.990927 1.01975 -0.00762663
0.986738 1.02374 -0.00635279
0.986655 1.02406 -0.00688449
0.988691 1.02243 -0.00846007
0.983433 1.02305 -0.0108826
0.982196 1.0187 -0.00970265
0.980908 1.02091 -0.0109839
0.980786 1.02028 -0.0143628
0.976769 1.01385 -0.0132059
0.980564 1.01626 -0.0146157
0.982429 1.01709 -0.0155387
0.98144 1.01888 -0.0132179
0.983103 1.02184 -0.0159253
0.983827 1.02142 -0.0204373
0.986561 1.02476 -0.0196443
0.987397 1.02707 -0.0202691
0.989283 1.03163 -0.0170637
0.987565 1.02602 -0.0169832
0.988904 1.02606 -0.015493
0.989646 1.02299 -0.0149536
0.989012 1.02396 -0.0130137
0.989355 1.02996 -0.0162182
0.98853 1.02939 -0.0175963
0.985931 1.03089 -0.0172889
0.983018 1.03138 -0.0152046
0.982878 1.03188 -0.0142317
0.978849 1.03395 -0.0156503
0.983573 1.03276 -0.0178887
0.983138 1.02456 -0.0181395
0.987497 1.02065 -0.0202272
0.988581 1.02352 -0.0206223
0.988812 1.02266 -0.0197089
0.984567 1.02487 -0.0190621
0.979829 1.02505 -0.0192438
0.97921 1.02816 -0.0173103
0.984716 1.02897 -0.0168634
0.981553 1.03337 -0.0164384
0.980036 1.03426 -0.0151476
0.975035 1.0389 -0.0134386
0.977005 1.04161 -0.0128108
0.975831 1.04156 -0.0109323
0.974408 1.04535 -0.00870653
0.973486 1.04196 -0.010801
0.975724 1.0431 -0.0108276
0.978832 1.03516 -0.0131117
0.976875 1.03389 -0.0132089
0.976993 1.03246 -0.0118363
0.981406 1.03373 -0.0129087
0.982244 1.034 -0.0126711
0.981325 1.03405 -0.0126557
0.979802 1.0355 -0.0108575
0.981514 1.03896 -0.0104653
0.980943 1.04102 -0.0116481
0.980247 1.03805 -0.00907299
0.977918 1.04227 -0.0106149
0.977902 1.04421 -0.0132644
0.973469 1.04209 -0.014423
0.967367 1.04397 -0.0158276
0.969572 1.04536 -0.0177409
0.968914 1.0431 -0.0195683
0.968013 1.04382 -0.0194156
0.966616 1.04312 -0.0178775
0.964558 1.04263 -0.0196216
0.963088 1.04117 -0.018032
0.96305 1.04352 -0.018319
0.954318 1.04213 -0.0180975
0.955766 1.0411 -0.01776
0.956596 1.04274 -0.0179724
0.956185 1.0423 -0.0206801
0.959848 1.03973 -0.0219566
0.962312 1.04502 -0.0203543
0.96407 1.0424 -0.0174501
0.96385 1.04637 -0.016968
0.963922 1.05169 -0.0161437
0.963492 1.0547 -0.0184629
0.960944 1.05974 -0.0172064
0.961373 1.0576 -0.018814
0.962074 1.05797 -0.0210138
0.965168 1.05663 -0.0190642
0.966821 1.05526 -0.0166628
0.966898 1.05574 -0.0183497
0.964214 1.05268 -0.0190089
0.965594 1.0518 -0.0196451
0.969069 1.04831 -0.0207114
0.971363 1.05123 -0.0223764
0.969856 1.04849 -0.0237332
0.970959 1.04914 -0.0263739
0.969911 1.04872 -0.0260911
0.972938 1.04948 -0.0254624
0.970762 1.04889 -0.0254247
0.966377 1.04869 -0.0225916
0.966318 1.0515 -0.0251757
0.969688 1.04988 -0.0239919
0.964694 1.05322 -0.0247602
0.964678 1.05161 -0.0228051
0.96644 1.0575 -0.0237672
0.964496 1.05971 -0.0278005
0.966079 1.05894 -0.0272093
0.965014 1.06097 -0.0277379
0.964416 1.05953 -0.0254375
0.965033 1.05701 -0.0240821
0.964517 1.05808 -0.0272223
0.963647 1.06528 -0.0293236
0.966739 1.06429 -0.0302193
0.967813 1.0647 -0.029926
0.971517 1.06299 -0.0331225
0.972202 1.06267 -0.0319814
0.971251 1.06207 -0.0325594
0.968864 1.06256 -0.03224
0.968918 1.06124 -0.0343019
0.9718 1.06214 -0.0335163
0.968331 1.06612 -0.0318393
0.967494 1.06504 -0.0291357
0.970447 1.0646 -0.0284229
0.968254 1.06536 -0.0326997
0.96361 1.06545 -0.032605
0.959359 1.06467 -0.0309354
0.958873 1.06101 -0.0292945
0.956061 1.06256 -0.0281358
0.958621 1.06027 -0.027713
0.959569 1.05762 -0.0249776
0.959573 1.05838 -0.0239873
0.964547 1.05516 -0.02326
0.963934 1.05687 -0.0198617
0.964645 1.05737 -0.0204137
0.964292 1.05556 -0.0160479
0.959908 1.05276 -0.0132398
0.959537 1.05414 -0.0152798
0.960875 1.05567 -0.0177938
0.958788 1.05433 -0.0164836
0.954972 1.04971 -0.0141213
0.95765 1.05547 -0.0113559
0.957967 1.05803 -0.0101563
0.960388 1.05748 -0.0110083
0.960705 1.05417 -0.0114294
0.961848 1.05326 -0.0137746
0.962033 1.05012 -0.0139148
0.962096 1.04849 -0.0138219
0.962273 1.05071 -0.0130205
0.963234 1.05274 -0.0143664
0.96434 1.05349 -0.0150647
0.96718 1.05328 -0.0147382
0.966453 1.05329 -0.0156435
0.967232 1.05261 -0.0159722
0.966506 1.05088 -0.0159181
0.964939 1.05355 -0.0174571
0.96229 1.05821 -0.0203546
0.962546 1.05869 -0.0192561
0.961605 1.05734 -0.0180426
0.959033 1.05676 -0.0186953
0.959864 1.0512 -0.0187965
0.965012 1.05392 -0.0213995
0.964185 1.05239 -0.0185591
0.962662 1.05319 -0.017541
0.965305 1.05592 -0.0182645
0.966786 1.05297 -0.020709
0.971202 1.05055 -0.0210396
0.973183 1.04715 -0.0207786
0.972607 1.04214 -0.0192523
0.977099 1.04014 -0.0194405
0.972805 1.03872 -0.0186662
0.972348 1.03646 -0.0178793
0.971576 1.03618 -0.0178055
0.969688 1.03666 -0.0164133
0.967568 1.03688 -0.0159326
0.968423 1.0408 -0.0147796
0.967639 1.04308 -0.0160016
0.968412 1.04542 -0.0166539
0.97367 1.04817 -0.0186598
0.97308 1.04428 -0.0216203
0.974851 1.04343 -0.0228249
0.970339 1.04526 -0.0233881
0.971637 1.04358 -0.0211853
0.967962 1.04288 -0.0199058
0.966704 1.04052 -0.0229034
0.964531 1.03985 -0.0197066
0.965687 1.03824 -0.0190711
0.964604 1.03853 -0.0186966
0.964199 1.04072 -0.0188827
0.960576 1.04646 -0.02102
0.960544 1.04506 -0.0182195
0.961956 1.04349 -0.0172239
0.965342 1.04323 -0.0187169
0.968443 1.04283 -0.0169656
0.965684 1.04528 -0.0159708
0.962748 1.04387 -0.01708
0.961161 1.04626 -0.0169535
0.960304 1.04895 -0.0161927
0.961707 1.04767 -0.0171558
0.962836 1.04893 -0.0197573
0.961708 1.05074 -0.0182431
0.960976 1.04809 -0.0183962
0.959972 1.0507 -0.019807
0.958619 1.05126 -0.0213758
0.956347 1.04786 -0.021525
0.951689 1.04483 -0.0206323
0.950337 1.04645 -0.0217778
0.946207 1.04449 -0.0225748
0.944442 1.04252 -0.0217542
0.942892 1.04268 -0.0196894
0.945936 1.04316 -0.019797
0.944757 1.04036 -0.0174199
0.945368 1.04123 -0.021113
0.944644 1.03848 -0.02452
0.945467 1.04003 -0.0288078
0.945183 1.04242 -0.0278201
0.947248 1.04175 -0.0236248
0.949192 1.04192 -0.0246004
0.95006 1.0411 -0.0269839
0.948062 1.04042 -0.0249491
0.946662 1.04423 -0.029624
0.945975 1.04237 -0.0304889
0.947381 1.0407 -0.0295135
0.950874 1.04069 -0.0301649
0.948001 1.03555 -0.0270703
0.947525 1.03757 -0.0279593
0.952284 1.03933 -0.0282794
0.953289 1.03783 -0.0289515
0.954469 1.04151 -0.0290584
0.956012 1.03951 -0.0294626
0.956564 1.04107 -0.0284296
0.958882 1.03996 -0.0251943
0.958826 1.04107 -0.0250507
0.958977 1.042 -0.0282299
0.957398 1.04144 -0.0297627
0.955787 1.04069 -0.0282017
0.955586 1.03853 -0.0273168
0.954742 1.03971 -0.0257177
0.954517 1.04401 -0.0269768
0.955409 1.0425 -0.0306354
0.956199 1.04091 -0.0294397
0.954737 1.04136 -0.0297597
0.954256 1.04117 -0.0277266
0.954493 1.03951 -0.0308147
0.951282 1.04268 -0.0331226
0.952274 1.04448 -0.032868
0.95286 1.04631 -0.0346277
0.949958 1.04692 -0.0364202
0.949231 1.04554 -0.0346089
0.94976 1.04349 -0.0331451
0.950875 1.04341 -0.0311691
0.951763 1.04243 -0.0317217
0.953294 1.04341 -0.028532
0.955671 1.03786 -0.0292592
0.958378 1.0386 -0.0300671
0.954802 1.03744 -0.0294441
0.952671 1.04107 -0.0315619
0.951837 1.04485 -0.0322759
0.949634 1.0458 -0.0354959
0.952422 1.04764 -0.0348784
0.953505 1.04314 -0.0355042
0.954436 1.04765 -0.0351065
0.954444 1.04689 -0.0358532
0.952057 1.04732 -0.0366738
0.953119 1.04275 -0.0368404
0.949827 1.04079 -0.0385287
0.949538 1.03749 -0.0391436
0.946118 1.03917 -0.0401341
0.946217 1.04153 -0.0395523
0.948113 1.03952 -0.037741
0.946383 1.04011 -0.0358638
0.946803 1.04304 -0.0358939
0.949568 1.04383 -0.0367358
0.948989 1.04081 -0.0353562
0.949898 1.04079 -0.0359859
0.949113 1.0422 -0.0337886
0.952267 1.03973 -0.0331514
0.950276 1.03815 -0.0330671
0.949113 1.03561 -0.0308494
0.944562 1.03398 -0.0304138
0.943394 1.03113 -0.0299792
0.941715 1.03117 -0.0321368
0.939634 1.03273 -0.0326373
0.944343 1.03362 -0.0337699
0.946411 1.03105 -0.0332662
0.944854 1.0338 -0.0355377
0.9465 1.03134 -0.0362486
0.949332 1.03696 -0.0363491
0.947618 1.03538 -0.0372357
0.946789 1.03708 -0.0373621
0.945208 1.03537 -0.0372262
0.946743 1.03893 -0.0357006
0.949624 1.03842 -0.0353553
0.949998 1.03463 -0.0332925
0.948991 1.03828 -0.0338502
0.949533 1.0362 -0.0336484
0.949325 1.03303 -0.0304315
0.948473 1.03672 -0.0297201
0.949771 1.0384 -0.0324718
0.952558 1.03534 -0.0312323
0.952461 1.03344 -0.0331415
0.951509 1.03406 -0.0359597
0.951038 1.03473 -0.0352862
0.951594 1.03114 -0.0346752
0.949832 1.033 -0.035729
0.952549 1.03376 -0.0339151
0.95253 1.0331 -0.0343224
0.949096 1.03197 -0.032866
0.947929 1.02942 -0.0333215
0.945478 1.03235 -0.0337767
0.948914 1.02831 -0.0344358
0.947973 1.02663 -0.0349429
0.947049 1.031 -0.0356452
0.949109 1.0299 -0.037465
0.947793 1.03048 -0.0363018
0.945609 1.03426 -0.0376851
0.945146 1.03415 -0.0390873
0.943314 1.0344 -0.0410621
0.940566 1.03462 -0.0431263
0.938076 1.03526 -0.0430277
0.937639 1.03761 -0.0415249
0.941185 1.03887 -0.0415789
0.943254 1.04284 -0.0422423
0.940784 1.04343 -0.0398286
0.938022 1.04584 -0.0396969
0.937559 1.04486 -0.0381363
0.940063 1.04834 -0.0375967
0.942261 1.05146 -0.0374768
0.945245 1.05227 -0.0389568
0.944903 1.05198 -0.0379608
0.943433 1.05089 -0.0378397
0.944302 1.05396 -0.0366631
0.944723 1.05349 -0.0385143
0.944356 1.05287 -0.0398139
0.942099 1.04971 -0.0394381
0.94072 1.04976 -0.0403124
0.940992 1.05159 -0.0403009
0.939129 1.05117 -0.0400968
0.937653 1.05077 -0.0390514
0.938521 1.05049 -0.0398355
0.938286 1.05036 -0.0417261
0.94039 1.04947 -0.0422504
0.938721 1.04929 -0.0441368
0.936273 1.04834 -0.0420422
0.934068 1.04714 -0.0425486
0.934501 1.04541 -0.0423325
0.935478 1.04293 -0.0425098
0.937626 1.04385 -0.0424178
0.936603 1.04439 -0.0422103
0.934656 1.04669 -0.0439498
0.936215 1.04536 -0.0446866
0.936394 1.04848 -0.0472646
0.938408 1.04694 -0.0480531
0.94172 1.04728 -0.0501558
0.94275 1.05192 -0.0494173
0.94439 1.04805 -0.049947
0.943935 1.05064 -0.0496167
0.945506 1.04858 -0.0497002
0.945225 1.04676 -0.0481442
0.94598 1.04769 -0.0493435
0.949547 1.04737 -0.0516197
0.950538 1.04692 -0.0524669
0.953042 1.04917 -0.0526725
0.952318 1.0482 -0.0529169
0.951263 1.05284 -0.0532786
0.950928 1.05606 -0.0556034
0.95121 1.05246 -0.0581155
0.951763 1.05151 -0.0557663
0.951732 1.05022 -0.05546
0.952881 1.04901 -0.057167
0.955468 1.04967 -0.055963
0.956931 1.04923 -0.0574126
0.956925 1.04713 -0.0563372
0.95577 1.04689 -0.0541676
0.954302 1.04763 -0.0549354
0.955474 1.04551 -0.0558472
0.952923 1.04414 -0.0549953
0.948494 1.0444 -0.0574703
0.947144 1.04651 -0.0553879
0.944594 1.04419 -0.0539056
0.945731 1.04344 -0.0536017
0.946371 1.04404 -0.0503374
0.944976 1.04204 -0.0499409
0.945586 1.04083 -0.0499381
0.943647 1.03728 -0.0498882
0.94033 1.03895 -0.0503468
0.942509 1.04103 -0.0513433
0.945241 1.04379 -0.053737
0.945067 1.04262 -0.0532253
0.944599 1.04503 -0.0539893
0.945944 1.0448 -0.0542916
0.947526 1.0472 -0.0525325
0.949397 1.04747 -0.0503801
0.949109 1.04695 -0.0499168
0.948145 1.04825 -0.0496412
0.947716 1.04732 -0.0524804
0.947227 1.04671 -0.0522284
0.94726 1.04338 -0.0512644
0.945971 1.04218 -0.0495369
0.939949 1.04393 -0.0485562
0.940659 1.04801 -0.0489993
0.940394 1.05064 -0.0486872
0.940756 1.04963 -0.0502137
0.943388 1.05057 -0.0498821
0.943026 1.04812 -0.0477855
0.943491 1.04647 -0.0464116
0.942068 1.04698 -0.0459071
0.94317 1.04574 -0.0467
0.94388 1.04398 -0.0483578
0.947255 1.04502 -0.0483344
0.947036 1.04794 -0.0490252
0.945655 1.04699 -0.0484476
0.948492 1.04832 -0.0461232
0.949218 1.04936 -0.0447698
0.946155 1.05477 -0.0465151
0.944498 1.05282 -0.0447559
0.945789 1.05329 -0.0408141
0.943809 1.05211 -0.0404788
0.944838 1.04976 -0.0416226
0.945401 1.0526 -0.0420679
0.948819 1.05325 -0.0412185
0.947513 1.05365 -0.0407496
0.949837 1.05456 -0.0397974
0.951281 1.05175 -0.0394867
0.95426 1.05271 -0.0389994
0.957722 1.05586 -0.0388588
0.957469 1.05355 -0.0367259
0.960552 1.0544 -0.036924
0.9567 1.05112 -0.0378333
0.95525 1.0499 -0.0403388
0.956916 1.04991 -0.0395404
0.954912 1.05276 -0.0384035
0.953998 1.05467 -0.0366311
0.952582 1.05702 -0.0399121
0.951344 1.06093 -0.0420165
0.948808 1.05883 -0.0425713
0.950374 1.05519 -0.0399583
0.951221 1.05798 -0.0391287
0.952042 1.05533 -0.0388767
0.953377 1.05089 -0.0359909
0.959365 1.0515 -0.0373655
0.959867 1.05461 -0.0378347
0.959674 1.05411 -0.0383088
0.956625 1.05279 -0.0398413
0.95355 1.0548 -0.0405068
0.952813 1.05816 -0.0416139
0.953826 1.0601 -0.0425315
0.955181 1.05788 -0.043977
