0.995076 0.999048 -0.000219486
0.998115 0.997894 0.00103254
0.995286 0.996774 0.000788047
0.99494 1.00078 0.00104056
0.997803 1.00304 -0.000193491
0.998264 1.00326 -0.00142906
0.997601 1.00189 0.000396511
1.00142 1.00273 0.000902407
1.00259 1.00134 0.00118334
1.00271 0.999304 0.000428614
1.00295 0.997938 0.00023979
1.00311 0.997832 0.000617454
0.999938 0.996401 0.00347381
1.00199 0.993163 0.00386315
0.999566 0.99246 0.00311925
1.00032 0.993208 0.00351766
0.998671 0.993211 0.00518791
0.997035 0.993091 0.00465383
0.996774 0.993895 0.00275224
0.995282 0.996048 0.00297594
0.996038 0.995769 0.00382241
0.996747 0.996891 0.00346582
0.994805 0.996697 0.00198096
0.995112 0.995169 0.00226512
0.993611 0.993609 0.0028674
0.994506 0.992288 0.00306264
0.992066 0.991984 0.00272707
0.991752 0.990042 0.00200838
0.992631 0.990621 0.00232145
0.993566 0.990736 0.00285828
0.993443 0.991631 0.00177109
0.993582 0.992778 0.00124387
0.993199 0.992862 0.00141044
0.995722 0.993964 0.000647662
0.995994 0.993262 0.00109074
0.998289 0.994351 0.0004204
0.997883 0.996738 0.00181257
0.997724 0.996222 0.00113631
0.998305 0.995476 0.00124525
0.996952 0.996095 0.00107601
0.997582 0.996887 0.00102142
0.996811 0.995213 0.000719165
0.998647 0.995791 0.000618449
0.999284 0.995302 0.000540144
1.00076 0.995873 0.00024602
1.00141 0.996882 0.000757492
1.00125 0.997294 0.000565365
1.00233 0.998475 0.000899577
1.00164 0.998205 0.00207225
1.00285 0.999052 0.00291184
1.0022 0.99859 0.0021353
1.00157 0.997128 0.00253121
0.999214 0.996417 0.00328003
0.998296 0.996631 0.00289997
0.997814 0.996573 0.00272145
0.997879 0.995996 0.00165771
0.997814 0.996075 0.00278514
0.996942 0.99673 0.00288309
0.996775 0.996606 0.00242158
0.995527 0.998328 0.00258359
0.996334 0.998484 0.00259112
0.996917 0.998145 0.00288614
0.997431 0.997886 0.00407175
0.997424 0.998287 0.00331234
0.997649 0.998438 0.00272641
0.99725 0.999486 0.00237202
0.997666 0.998408 0.00231709
0.997728 0.998755 0.00198424
0.998668 0.998928 0.00214418
0.997742 0.998555 0.00145574
0.997509 0.998093 0.00165943
0.995668 0.997351 0.00121491
0.996363 0.997701 0.00167876
0.99663 0.997909 0.00216225
0.996719 0.998212 0.00224482
0.996995 0.998454 0.00146227
0.997803 0.998984 0.0012428
0.998206 0.997491 0.00110777
0.99735 0.997179 0.000567355
0.997748 0.997953 0.00131135
0.998604 0.996847 0.00135668
0.999379 0.997315 0.000104492
0.999232 0.99711 -1.30845e-05
0.999389 0.997185 0.000250275
0.999459 0.997764 0.0014999
0.998176 0.996819 0.00174287
0.997157 0.997584 0.00116884
0.996406 0.998957 0.000156218
0.997753 0.998193 0.00122965
0.998431 0.99845 0.0016656
0.998701 0.998936 0.000738135
0.999017 0.998351 0.000287268
0.99937 0.998483 6.05265e-05
0.999095 0.999341 -0.000337147
0.99909 1.00021 -0.00073356
0.998595 1.00061 -0.000301334
0.999457 1.00063 -0.000494149
1.00015 0.999668 -0.000562732
0.998275 0.999015 -0.000428673
0.999172 0.999891 -0.00033501
0.999427 1.00049 -0.000561547
0.999554 1.00078 -0.000843977
0.998623 1.00161 -0.00114085
0.999285 1.00074 -0.00184161
1.00075 1.00016 -0.00237565
1.00164 1.00117 -0.00275802
1.00108 0.999469 -0.00276992
1.00108 0.999703 -0.00257982
1.00095 0.999744 -0.00213213
1.00218 0.999767 -0.00191912
1.00214 1.00009 -0.00196721
1.00267 0.999491 -0.00173639
1.00358 0.999206 -0.00207765
1.00338 0.99898 -0.0016013
1.00428 0.999109 -0.00146993
1.00469 0.998475 -0.00158985
1.00493 0.997579 -0.00164368
1.00352 0.997372 -0.00110216
1.00302 0.997263 -0.00137703
1.00319 0.997854 -0.000551941
1.00304 0.999178 -0.00096286
1.00333 0.998851 -0.00110379
1.00323 0.997878 -0.00057128
1.00324 0.997297 -0.00164829
1.00412 0.997108 -0.0019947
1.00434 0.996981 -0.0013769
1.00347 0.995851 -0.0015995
1.00431 0.996485 -0.00171004
1.00331 0.99591 -0.00216856
1.00326 0.995622 -0.00212634
1.00238 0.995194 -0.00129552
1.00295 0.995271 -0.00188915
1.00215 0.995437 -0.00204268
1.00141 0.995503 -0.00200413
1.00144 0.995483 -0.0015534
1.00109 0.995061 -0.00149813
1.00125 0.994777 -0.0015701
1.00212 0.994681 -0.00216101
1.00254 0.994835 -0.00198956
1.0022 0.994048 -0.00185842
1.0019 0.993584 -0.00159036
1.00127 0.994144 -0.00195966
1.00101 0.994499 -0.0021231
1.00177 0.993882 -0.0021563
1.00159 0.99297 -0.00245138
1.00141 0.992442 -0.00218402
1.00168 0.991992 -0.00207386
1.00137 0.991885 -0.00191094
1.00143 0.99201 -0.00153413
1.00141 0.992526 -0.00137822
1.00197 0.992825 -0.00126552
1.00187 0.992728 -0.000707335
1.00215 0.993376 -0.000190717
1.00182 0.993824 -0.000458834
1.00117 0.993591 -0.000488069
1.00129 0.993659 0.000207149
1.00081 0.994225 -0.000417967
0.999857 0.994679 -0.00061004
0.999716 0.994836 -0.00082015
0.999426 0.996069 -0.00143262
1.00017 0.995773 -0.00193509
0.99984 0.996331 -0.00139308
0.99941 0.996529 -0.00155081
1.0002 0.997324 -0.000734072
1.00019 0.996375 -0.00125368
1.00028 0.996152 -0.00135288
1.0006 0.996321 -0.00168522
1.00079 0.997521 -0.00179601
1.00109 0.997809 -0.00191028
1.00086 0.997554 -0.00148414
1.00122 0.997796 -0.00213721
1.00051 0.997787 -0.00215122
1.00124 0.997972 -0.00213886
1.00208 0.998341 -0.00216674
1.00212 0.997514 -0.00187043
1.00209 0.996795 -0.00272409
1.0024 0.99736 -0.00259081
1.00226 0.997033 -0.00289103
1.00179 0.996905 -0.0035557
1.00193 0.997373 -0.00331713
1.00082 0.996878 -0.00330663
1.00022 0.997452 -0.0028969
1.00116 0.997332 -0.00348109
1.00091 0.997638 -0.003119
1.0006 0.997159 -0.002717
1.0005 0.996792 -0.00310764
1.00034 0.996614 -0.00357506
0.999948 0.997133 -0.00303119
0.999208 0.996301 -0.00312965
0.999216 0.997056 -0.00299781
0.999013 0.997396 -0.00286022
0.99895 0.996784 -0.00238076
0.998412 0.996149 -0.0024433
0.999021 0.995572 -0.00174152
0.999164 0.995812 -0.0016135
1.00005 0.99617 -0.000828345
0.999693 0.995951 -0.000400288
0.999619 0.995742 -0.00076222
1.00013 0.995548 -0.000676888
0.999747 0.996139 -0.000590408
0.999818 0.996084 -0.000719514
0.999234 0.996021 -0.000662833
0.999375 0.99615 -0.00067004
0.999052 0.996392 -0.000693232
0.998544 0.99617 -0.000644511
0.998476 0.996613 -5.9687e-05
0.998603 0.996309 -0.000259827
0.998445 0.996513 -0.000175188
0.998984 0.996057 0.000174631
0.998887 0.996441 0.000291423
0.999259 0.996463 0.000970249
0.999058 0.997023 0.00103678
0.998903 0.996727 0.00124995
0.999495 0.995759 0.00112116
0.999987 0.99615 0.000693451
1.00035 0.996666 0.00132583
1.00073 0.996413 0.00167558
1.0005 0.996497 0.00183853
0.99984 0.997063 0.00186717
0.999966 0.997612 0.00170607
0.999698 0.997827 0.00200174
1.00003 0.997316 0.0020155
1.00003 0.997891 0.00183929
1.0005 0.997346 0.00210983
1.00046 0.997069 0.00198533
0.999779 0.996763 0.00208694
0.999173 0.997165 0.00130881
0.999311 0.996767 0.00140404
1.00009 0.996579 0.00126123
1.00041 0.997187 0.00127547
1.00041 0.997259 0.00109556
1.0003 0.997029 0.00129901
1.00026 0.997692 0.00130383
0.999917 0.997179 0.00107939
1.00002 0.997146 0.000967566
1.00001 0.996949 0.000696008
1.00016 0.996886 0.000655471
1.00003 0.996991 0.000388344
1.00048 0.996408 0.000628732
1.00083 0.996319 0.000708193
1.00095 0.996946 0.000989212
1.00072 0.997023 0.000912218
1.00119 0.997175 0.000557361
1.00118 0.996961 0.00054294
1.00066 0.997435 0.000607854
1.00145 0.997145 0.000441373
1.00188 0.997632 0.000443976
1.00214 0.997932 -0.000158701
1.00182 0.999032 4.61315e-06
1.00207 0.999145 0.000555963
1.00121 0.999575 0.00105681
1.00102 0.999008 0.00127633
1.00101 0.99967 0.00104387
1.00117 0.999573 0.000553086
1.00091 0.999807 0.00063099
1.00096 1.00061 0.000618635
1.00086 1.00067 0.000986719
1.00053 1.00016 0.000856416
1.00058 1.00072 0.000731481
1.00079 1.00085 0.0004905
1.00069 1.00101 0.000227738
1.00116 1.00095 9.80802e-05
1.00184 1.00065 0.000452347
1.0027 1.00097 -8.38191e-06
1.00195 1.00136 -0.000439156
1.0027 1.0015 -0.000544394
1.00358 1.00205 -9.12693e-06
1.00328 1.00214 -0.000398882
1.0034 1.00203 -0.000544427
1.004 1.00159 -0.00018806
1.00433 1.0005 -0.000201994
1.00457 1.00085 -0.000146442
1.00523 1.00142 -4.76097e-06
1.00455 1.00114 6.84615e-05
1.00423 1.00083 5.18974e-05
1.0039 1.00038 0.00022631
1.00407 1.00074 0.00011014
1.00428 0.999944 -3.76996e-05
1.00413 1.00014 0.000210679
1.00401 0.999775 0.000530724
1.0041 0.999926 0.000372156
1.0042 0.999855 0.00017493
1.00351 0.999964 0.000240031
1.0033 1.00034 -0.000150133
1.00345 1.00054 -0.000648203
1.00395 1.00094 -0.000629051
1.00397 1.00095 -0.000309046
1.00422 1.00056 -0.000511209
1.00428 1.00019 -0.000530641
1.00462 0.999825 -0.000519961
1.00422 0.999052 -0.000632057
1.00381 0.998936 -0.00079514
1.00386 0.999059 -0.00114251
1.00364 0.999353 -0.0016004
1.00374 0.999341 -0.00173798
1.00387 0.999532 -0.00164288
1.00411 1.00033 -0.00136441
1.0041 1.00088 -0.00121494
1.00369 1.00078 -0.00112014
1.00376 1.00095 -0.00079517
1.00373 1.00076 -0.000487966
1.00348 1.00142 -0.000245728
1.00375 1.00101 -0.000301325
1.00339 1.00098 -0.000273957
1.0032 1.00086 -0.000174213
1.00327 1.00111 -0.000235808
1.00285 1.00189 -0.000467088
1.00264 1.00185 -0.000354119
1.00329 1.00202 -0.00105535
1.00346 1.00207 -0.001261
1.00349 1.00146 -0.0015866
1.00313 1.00119 -0.000907071
1.00259 1.00087 -0.00049604
1.00278 1.00051 -0.000425045
1.00246 1.00052 0.000275665
1.00268 1.00009 0.000496893
1.00246 1.00042 0.000906275
1.00269 1.00005 0.00094012
1.00227 1.00055 0.000994055
1.00249 1.00058 0.000456337
1.00256 1.00076 0.000666755
1.00215 1.00073 0.000763604
1.00182 1.00052 0.000335949
1.00133 1.00126 0.000666437
1.0006 1.00177 0.000731462
1.00014 1.00206 0.000837969
1.00021 1.00161 0.000898134
1.00036 1.00168 0.000977933
1.00018 1.00139 0.00085587
1.00058 1.00188 0.00122211
1.00052 1.0022 0.000847374
1.00051 1.00178 0.00075968
1.0009 1.00157 0.000609172
1.00121 1.00194 0.000902613
1.00162 1.00185 0.00121179
1.00169 1.00177 0.000885904
1.00163 1.00153 0.000734671
1.00191 1.00221 0.000770265
1.00195 1.00234 0.000878304
1.00176 1.00248 0.000999148
1.00168 1.00245 0.000623561
1.00167 1.00256 1.20378e-05
1.00149 1.00276 0.000138959
1.00175 1.00319 0.000505985
1.00225 1.00312 0.00045236
1.00219 1.00299 0.00032629
1.0019 1.00326 -0.000135914
1.002 1.00306 5.49037e-06
1.00248 1.00252 0.00035864
1.00214 1.00227 0.000457981
1.00183 1.00245 0.000506148
1.00144 1.00259 0.000517823
1.00165 1.00251 0.000139789
1.00143 1.00306 0.000130172
1.00085 1.00287 0.000363631
1.00074 1.00273 0.000606329
1.00037 1.00274 0.000508058
1.00113 1.00305 0.000648671
1.00104 1.00321 0.000644415
1.00124 1.00351 0.000788043
1.00096 1.00299 0.000965826
1.00114 1.00317 0.00061288
1.00071 1.00303 0.000524425
1.00103 1.00316 -1.12126e-05
1.00113 1.00306 6.91711e-06
1.00081 1.00299 0.000202261
1.00118 1.00256 1.57618e-05
1.00139 1.00261 0.00018807
1.00104 1.00279 0.000376095
1.00121 1.0035 0.000474014
1.00089 1.00368 0.000600537
1.00128 1.00343 0.000858319
1.00114 1.00379 0.000811109
1.00091 1.0034 0.000614055
1.00105 1.00346 -9.47834e-05
1.00092 1.0033 -0.000227298
1.00044 1.00364 7.91865e-05
1.00043 1.00345 -7.09653e-05
1.00051 1.0029 -7.25936e-05
1.00055 1.00341 7.70717e-05
1.00041 1.00349 -1.83467e-05
1.00026 1.00302 0.000338133
1.00044 1.00342 0.00036511
1.00094 1.00375 0.000463312
1.00066 1.00362 0.000372818
1.00082 1.00369 0.000155341
1.0009 1.00316 0.000230797
1.00146 1.00295 0.000410753
1.00138 1.00325 0.0004239
1.00183 1.00292 0.000498667
1.00155 1.00204 0.000476705
1.00156 1.00177 0.00024273
1.00152 1.00162 0.000253891
1.0018 1.00179 0.00013222
1.00204 1.00171 0.000224137
1.00247 1.00179 0.000459115
1.00266 1.00216 0.000247903
1.00241 1.00217 -0.000127266
1.00225 1.00219 6.30996e-05
1.0023 1.00246 0.000421296
1.00207 1.00272 0.000112597
1.0014 1.00283 9.87825e-05
1.00143 1.00277 0.000183318
1.00174 1.00262 0.000140755
1.00212 1.0025 0.000156275
1.00225 1.00225 -0.000279642
1.00214 1.00235 -0.000742311
1.00229 1.0019 -0.000886476
1.0021 1.00199 -0.000953067
1.00224 1.00166 -0.00114721
1.00273 1.00185 -0.00114428
1.00314 1.00203 -0.00178319
1.00285 1.00209 -0.00162185
1.0026 1.00233 -0.00148943
1.00276 1.00212 -0.00136007
1.00231 1.00216 -0.00114164
1.00241 1.0029 -0.00122738
1.00188 1.00283 -0.00118266
1.00234 1.00229 -0.00102198
1.00208 1.00275 -0.000961238
1.0022 1.00295 -0.000717288
1.0024 1.0022 -0.000662281
1.0024 1.00231 -0.000749398
1.00245 1.00224 -0.000500445
1.0018 1.00212 -0.000901529
1.00157 1.00228 -0.00090302
1.00169 1.00234 -0.00078911
1.00175 1.00242 -0.00124635
1.00148 1.00247 -0.00137903
1.00143 1.00227 -0.0013307
1.00165 1.00231 -0.00134768
1.00173 1.003 -0.00142983
1.00164 1.00309 -0.00129578
1.00164 1.00348 -0.0012097
1.00169 1.0038 -0.000820269
1.0013 1.0038 -0.000706324
1.00151 1.00404 -0.000628294
1.00158 1.00452 -0.000754478
1.00106 1.0046 -0.000474567
1.00124 1.00385 -0.000553372
1.00103 1.00452 -0.00028656
1.00138 1.00465 -0.000147099
1.00115 1.00491 0.00018346
1.00115 1.00486 0.000355211
1.00061 1.00518 -3.42017e-05
1.00056 1.00541 -0.000269834
1.00046 1.00514 -0.000202911
1.00048 1.00549 -2.91555e-05
0.999654 1.00532 0.000126401
0.99884 1.00509 4.52264e-06
0.998334 1.0055 0.000121722
0.998336 1.00594 -0.000414923
0.998318 1.00615 -0.000336348
0.998748 1.00582 -5.9143e-05
0.999022 1.00529 -7.24108e-06
0.998974 1.00515 8.73787e-05
0.999121 1.00538 2.56716e-05
0.999235 1.00537 0.000143046
0.999588 1.00545 6.98399e-05
0.999918 1.00567 -0.000132099
0.999584 1.00563 -0.000391637
0.999613 1.00576 -0.000289109
0.999798 1.0056 -0.000466901
0.999738 1.00495 -0.000563075
0.999924 1.00527 -0.000463557
0.999774 1.0057 -0.000654793
0.999499 1.00575 -0.000599951
0.999725 1.00565 -0.000432514
0.999729 1.00603 -0.000547019
0.999873 1.00546 -0.000681429
0.999684 1.00522 -0.000432282
0.999638 1.00492 -0.000305688
0.999804 1.00558 -1.45307e-05
0.999985 1.00573 0.000158357
1.00037 1.00578 1.10181e-05
1.00021 1.00555 0.000352171
1.00004 1.00547 0.000305023
1.00039 1.00545 0.000397853
0.99998 1.00555 0.000149259
0.999741 1.00575 0.000173262
0.999515 1.00542 0.000168878
0.999851 1.00523 0.00016302
1.00037 1.00493 -0.000152376
0.999654 1.00509 -0.000282117
0.99954 1.00505 -6.92452e-05
0.999762 1.00484 0.000321658
0.999632 1.00505 0.000332175
0.999801 1.005 0.000259078
0.999077 1.0052 0.000476737
0.999065 1.00478 0.000242338
0.999346 1.00459 0.000278955
0.999531 1.00468 0.000364661
0.999938 1.00505 0.000471197
0.999722 1.00484 0.000706839
1.00004 1.00485 0.000653651
0.999441 1.00487 0.00061341
0.999426 1.00481 0.000336321
0.999394 1.00492 0.00036919
0.999391 1.00515 -3.12724e-05
0.999641 1.00487 -0.000236709
1.00017 1.00481 -0.000220728
1.0004 1.00474 -0.000199298
0.99971 1.00478 3.56556e-05
0.999526 1.00465 2.77966e-05
0.999504 1.00441 -2.38091e-05
0.999324 1.00461 -0.000203201
0.999715 1.00485 -0.000213044
0.999895 1.00509 -0.0004099
1.00034 1.00547 -0.000503504
1.00025 1.00527 -0.000415402
1.00071 1.00497 -0.000442875
1.00043 1.00497 -0.000449674
1.00065 1.00465 -0.0003395
1.00072 1.00476 -0.000181941
1.00063 1.00484 -0.000240406
1.00057 1.00453 -0.000207188
1.00062 1.00486 -0.000275882
1.00061 1.00496 4.23334e-05
1.00085 1.005 1.20108e-05
1.00093 1.00484 -1.29451e-05
1.00081 1.00505 0.000342984
1.0004 1.00554 -5.90659e-06
1.00071 1.00512 0.000260886
1.00081 1.00454 0.000297532
1.00133 1.00416 8.55022e-05
1.00167 1.00408 8.90997e-05
1.00143 1.00384 1.43439e-07
1.00128 1.00352 0.000134201
1.00096 1.00384 0.000300704
1.00095 1.00349 0.000414859
1.00141 1.00343 0.000264164
1.00156 1.00325 0.000322822
1.00156 1.00316 0.000286517
1.00189 1.00282 0.000268133
1.00147 1.00282 0.000424696
1.00152 1.00283 0.000208075
1.00143 1.00292 0.00034777
1.00124 1.00279 0.000511482
1.00142 1.00225 0.000596913
1.00154 1.00182 0.00113077
1.00161 1.00182 0.000879215
1.00208 1.00179 0.00143474
1.00282 1.00179 0.00148803
1.00283 1.00142 0.00157812
1.00295 1.00169 0.0010176
1.00269 1.00176 0.00100436
1.0028 1.00172 0.00106169
1.00293 1.00172 0.000942109
1.00256 1.00211 0.00113438
1.00234 1.00228 0.00146457
1.00272 1.00248 0.0013161
1.00306 1.00247 0.0012606
1.00323 1.00243 0.00139465
1.00327 1.00221 0.00159328
1.00381 1.00264 0.00123999
1.00352 1.00279 0.00137416
1.00392 1.00249 0.00145745
1.00412 1.00257 0.00162638
1.00391 1.00226 0.00149311
1.00408 1.00211 0.00145637
1.00414 1.00144 0.00150342
1.00407 1.00219 0.00179809
1.00397 1.00173 0.00148365
1.00418 1.00165 0.00128375
1.00431 1.00174 0.00112818
1.00455 1.00214 0.00106184
1.00485 1.00195 0.00128463
1.00461 1.00163 0.00124926
1.00469 1.00165 0.00148001
1.00519 1.00151 0.00173773
1.00541 1.00137 0.00188915
1.00565 1.00152 0.00203319
1.00614 1.0014 0.00231703
1.00546 1.00169 0.00210093
1.00565 1.00161 0.00226605
1.00589 1.00179 0.00178027
1.00584 1.00165 0.00150742
1.00561 1.00115 0.00144103
1.00573 1.00144 0.00129316
1.00541 1.00162 0.00114491
1.00521 1.00129 0.000877144
1.00497 1.00182 0.00113865
1.00537 1.00196 0.00139367
1.00512 1.00223 0.00167271
1.0053 1.0023 0.00147983
1.00503 1.0025 0.00161827
1.00544 1.00242 0.00159664
1.00562 1.00272 0.00164431
1.00568 1.00262 0.00169802
1.00566 1.00272 0.00165977
1.00547 1.00263 0.00159155
1.00559 1.00246 0.00159205
1.00545 1.0027 0.00164188
1.00539 1.00285 0.00187324
1.00534 1.00281 0.00193634
1.0056 1.00287 0.00174746
1.00537 1.00308 0.00191978
1.0052 1.00328 0.00195346
1.00511 1.00306 0.001908
1.00566 1.00291 0.00216186
1.00592 1.00298 0.00246814
1.00571 1.00334 0.00231478
1.00558 1.00312 0.0022156
1.00547 1.00285 0.00225902
1.0055 1.003 0.00186404
1.00531 1.00268 0.00185109
1.00549 1.00287 0.00176062
1.00527 1.00242 0.00187191
1.00543 1.00216 0.00164303
1.00531 1.00241 0.00168724
1.00538 1.00276 0.00207303
1.00543 1.00254 0.00195124
1.00549 1.00237 0.00198824
1.00544 1.00229 0.00192262
1.00525 1.00248 0.00180236
1.00555 1.00258 0.00162756
1.00568 1.00266 0.00167461
1.00559 1.00267 0.00156963
1.0054 1.00225 0.00153552
1.00496 1.00214 0.00164062
1.00486 1.00237 0.00193519
1.00479 1.00207 0.00184117
1.0048 1.00182 0.00192186
1.00484 1.00158 0.00184125
1.00497 1.00227 0.00187018
1.0046 1.00272 0.00193081
1.00488 1.00291 0.00184898
1.00476 1.00262 0.00175798
1.00449 1.00303 0.00173366
1.00458 1.00254 0.00161531
1.00466 1.00255 0.00163621
1.00464 1.00241 0.00180701
1.00426 1.00216 0.00153561
1.00395 1.00148 0.00149043
1.00404 1.00141 0.00158625
1.00427 1.00149 0.0013997
1.00456 1.00129 0.0012684
1.00438 1.00143 0.0014056
1.00463 1.00105 0.00163751
1.00443 1.00074 0.00181622
1.00451 1.00039 0.00143842
1.00442 1.00089 0.00138328
1.00452 1.00135 0.0013198
1.00456 1.00077 0.00134064
1.00463 1.00062 0.00160514
1.00466 1.00064 0.00124931
1.00463 1.00066 0.00134723
1.00442 1.00049 0.00114687
1.00436 1.0004 0.00117052
1.00447 1.00027 0.00119718
1.00466 1.00017 0.00141697
1.00466 1.00038 0.00120857
1.00489 0.999829 0.00102621
1.00509 1.00001 0.00133389
1.00476 1.00031 0.0012193
1.00447 1.00006 0.00123512
1.00431 1.00012 0.00126435
1.00455 1.00026 0.00174343
1.00461 1.00036 0.00205806
1.00448 1.00065 0.00208443
1.00409 1.0007 0.00198424
1.00438 1.00035 0.00198175
1.0044 1.00066 0.00179403
1.00501 1.00052 0.00186252
1.0048 1.00069 0.00213415
1.00463 1.00077 0.00222912
1.00454 1.0006 0.00257558
1.00418 1.00094 0.00262283
1.00439 1.00071 0.00268418
1.00454 1.00065 0.00266736
1.00436 1.00045 0.00249336
1.00453 1.00025 0.00264842
1.00429 1.00015 0.00258015
1.00411 0.999689 0.0023375
1.00385 0.999709 0.00226421
1.00366 0.999565 0.00236318
1.00358 0.99959 0.0024175
1.00355 0.999601 0.00219989
1.00297 0.999412 0.00216404
1.00255 0.998944 0.00193366
1.00272 0.998872 0.00186517
1.00245 0.998959 0.00219371
1.0026 0.999406 0.00251381
1.00239 0.999837 0.00240731
1.00195 0.999536 0.00262761
1.00192 0.999489 0.00263465
1.00179 0.999293 0.00257245
1.00154 0.999498 0.00265921
1.00151 1.00015 0.00225551
1.0012 1.00037 0.00200427
1.00146 0.999953 0.00195138
1.00114 0.99999 0.00211953
1.00147 1.00029 0.00222009
1.00134 1.00007 0.00256513
1.00156 1.00009 0.00257547
1.0013 1.00039 0.00249298
1.00114 1.00033 0.00256878
1.00149 1.00043 0.00278404
1.00187 1.00047 0.00243708
1.00228 0.999931 0.00255807
1.00233 1.00029 0.00269729
1.00228 1.00004 0.00245136
1.0023 0.999697 0.00267025
1.00258 0.999705 0.00274657
1.00302 0.999996 0.00264368
1.00337 0.999896 0.00263232
1.0034 0.999755 0.00248746
1.00304 0.999701 0.00257713
1.00315 0.999174 0.00247939
1.00351 0.998831 0.00216847
1.00341 0.998877 0.0020546
1.00352 0.998618 0.00196887
1.004 0.99903 0.00215682
1.0037 0.998786 0.00202521
1.00312 0.998683 0.00195
1.00331 0.998761 0.00156265
1.003 0.999087 0.00173713
1.00303 0.999188 0.00152112
1.00259 0.999213 0.0012852
1.00246 0.999464 0.00139671
1.00201 0.999993 0.00161198
1.00233 0.999776 0.00143085
1.00261 0.999474 0.00155546
1.00249 0.999508 0.00173269
1.00248 0.999348 0.00139683
1.0022 0.99935 0.0013131
1.00236 0.99923 0.00135982
1.00203 0.999277 0.00134267
1.00223 0.999301 0.00148085
1.00236 0.999407 0.00147565
1.00216 0.999366 0.00141676
1.00245 0.999374 0.00148165
1.0022 0.999435 0.00168174
1.00193 0.999263 0.00157545
1.00195 0.999286 0.00144947
1.0021 0.999129 0.00134764
1.00217 0.999256 0.00116372
1.00189 0.999264 0.00103716
1.00151 0.998927 0.00113394
1.0019 0.998933 0.00115933
1.00178 0.998975 0.000886092
1.00215 0.998906 0.000846474
1.00232 0.999054 0.000652772
1.00183 0.999344 0.000549819
1.00136 0.99932 0.000600623
1.00128 0.999783 0.000557806
1.00125 0.999892 0.000441231
1.00144 1.00003 0.000532994
1.00107 0.999948 0.000648484
1.00152 0.999846 0.000728416
1.00083 1.00021 0.000655754
1.0009 1.00033 0.000633448
1.00071 1.00023 0.000244032
1.00081 1.00027 0.00026532
1.00076 1.0004 -0.000124999
1.00057 1.0005 -9.62816e-05
1.00041 1.00076 -0.000156455
1.00044 1.00085 -5.8797e-05
1.00043 1.00073 -0.000210046
1.00027 1.00086 -0.000491309
1.00021 1.00107 -0.000642134
1.00056 1.00092 -0.000876377
1.00012 1.00069 -0.000941686
0.999874 1.0009 -0.000688589
0.999847 1.00082 -0.000925063
0.999625 1.00062 -0.00090437
0.999506 1.0004 -0.000937708
0.999323 1.00028 -0.000714316
0.99897 1.00006 -0.000723621
0.999498 1.00023 -0.000892984
0.999617 1.00013 -0.000673489
0.999528 1.00017 -0.0008804
0.999555 1.00001 -0.00080679
0.999904 0.999999 -0.000972143
0.999664 0.99988 -0.000934177
0.999917 1.00027 -0.000938819
0.999874 1.00005 -0.000839448
0.999684 1.00007 -0.000813203
0.999857 1.00002 -0.000681333
0.999932 1.00008 -0.000833265
1.00013 0.999811 -0.0005467
1.00007 0.999854 -0.000336461
1.00049 0.999552 -0.000304364
1.00084 0.999616 -0.000537096
1.00067 0.999628 -0.000803003
1.00062 0.999765 -0.0006654
1.00078 0.999558 -0.000619037
1.00096 0.999545 -0.000380902
1.00086 0.999458 -0.000437329
1.00101 0.999182 -0.000404024
1.00122 0.999184 -0.000704485
1.00067 0.998986 -0.000869396
1.00062 0.998948 -0.000943523
1.00059 0.998848 -0.000843985
1.00078 0.99878 -0.00101039
1.00093 0.999092 -0.000908742
1.00086 0.998932 -0.000806784
1.00098 0.998597 -0.000824063
1.00102 0.998499 -0.000715082
1.0013 0.998578 -0.000823933
1.00128 0.998734 -0.000758213
1.00109 0.998728 -0.000639128
1.00139 0.999048 -0.000702788
1.00118 0.998935 -0.000581795
1.00097 0.998758 -0.000572035
1.00106 0.99894 -0.000801158
1.00121 0.998725 -0.000669338
1.00105 0.99889 -0.000711625
1.00114 0.999046 -0.000985098
1.00149 0.999021 -0.000958737
1.00138 0.99886 -0.000959577
1.00115 0.998856 -0.001214
1.00113 0.998664 -0.0011347
1.00142 0.998651 -0.00124521
1.00127 0.998673 -0.00158825
1.00123 0.998669 -0.00124731
1.0014 0.998761 -0.0011561
1.00151 0.99891 -0.00127954
1.0011 0.998827 -0.00118183
1.00089 0.998536 -0.00137003
1.00087 0.998443 -0.00136072
1.00086 0.998487 -0.00142265
1.00072 0.998537 -0.00134489
1.00104 0.998296 -0.00128993
1.00121 0.998344 -0.00122963
1.00131 0.998254 -0.00112538
1.00143 0.998509 -0.00116069
1.00156 0.998439 -0.00132055
1.00145 0.998451 -0.00114379
1.00134 0.998232 -0.00119288
1.00126 0.997912 -0.00109508
1.00134 0.998228 -0.00106683
1.00126 0.998247 -0.00106038
1.00116 0.998156 -0.00116272
1.0013 0.998085 -0.000952651
1.00168 0.997891 -0.00101103
1.00198 0.997894 -0.00107072
1.00213 0.997919 -0.00130449
1.00172 0.997767 -0.00135678
1.00132 0.997479 -0.00130672
1.00122 0.997476 -0.00137859
1.0013 0.997683 -0.00144138
1.00078 0.997719 -0.00154892
1.0005 0.997731 -0.0016704
1.00069 0.997912 -0.00154978
1.0009 0.998344 -0.00157192
1.00045 0.998551 -0.00158704
1.00044 0.998593 -0.00141627
1.00084 0.99852 -0.00144993
1.001 0.998613 -0.0014694
1.00065 0.998611 -0.00188839
1.00065 0.997946 -0.00190658
1.00083 0.99782 -0.00217773
1.00065 0.997885 -0.00227453
1.00087 0.998079 -0.00244701
1.00099 0.99774 -0.00237382
1.00158 0.997336 -0.00208249
1.00155 0.997424 -0.00214359
1.00112 0.997617 -0.00219761
1.00137 0.997661 -0.00211587
1.00148 0.99757 -0.00243377
1.00142 0.997244 -0.0023062
1.00116 0.997091 -0.00216013
1.00106 0.997093 -0.00227117
1.00117 0.996526 -0.00238991
1.0013 0.996453 -0.00248781
1.00106 0.996571 -0.00256925
1.00118 0.996337 -0.00271853
1.00153 0.996469 -0.00273155
1.00149 0.996652 -0.00252911
1.00174 0.996684 -0.0027099
1.00163 0.996504 -0.00284874
1.00165 0.996104 -0.0027885
1.00179 0.99583 -0.00264708
1.00161 0.995993 -0.00260732
1.00153 0.996132 -0.00247943
1.00139 0.996309 -0.0023475
1.00149 0.99615 -0.00244255
1.00158 0.99589 -0.0025498
1.00191 0.99571 -0.00286172
1.00203 0.995951 -0.0029684
1.00247 0.996026 -0.00296963
1.00263 0.996286 -0.00304228
1.00269 0.996155 -0.0029788
1.00262 0.995944 -0.0030059
1.00288 0.995784 -0.00305022
1.00328 0.995982 -0.00286647
1.00351 0.995927 -0.00300632
1.00324 0.996125 -0.00326446
1.00338 0.996061 -0.00312162
1.00352 0.996122 -0.00338051
1.00354 0.99611 -0.0033707
1.00358 0.996065 -0.0036336
1.00344 0.996614 -0.00384447
1.00329 0.996865 -0.00372717
1.00361 0.997085 -0.00376736
1.00378 0.997157 -0.00363901
1.00382 0.997115 -0.00357776
1.00391 0.996972 -0.00349357
1.00407 0.997202 -0.00353791
1.00354 0.997091 -0.00369415
1.00375 0.997148 -0.00377315
1.00394 0.997507 -0.00371293
1.00374 0.997378 -0.00373566
1.00332 0.997352 -0.0037038
1.00309 0.997524 -0.00379967
1.00305 0.997226 -0.00383836
1.0026 0.997057 -0.0038884
1.00279 0.997214 -0.00381038
1.0029 0.996895 -0.0038501
1.00275 0.997131 -0.00372336
1.00288 0.997169 -0.0038921
1.00302 0.996915 -0.00350894
1.00282 0.99695 -0.00363672
1.00277 0.996929 -0.00357035
1.00282 0.996958 -0.00361076
1.00241 0.996694 -0.0035979
1.00204 0.996529 -0.00344127
1.00207 0.996512 -0.00323064
1.00208 0.996296 -0.00325437
1.00231 0.996399 -0.00304137
1.00201 0.996381 -0.00299007
1.00217 0.996372 -0.00295655
1.0025 0.996414 -0.00299978
1.00257 0.996399 -0.00287441
1.00251 0.996382 -0.0029843
1.0024 0.996335 -0.00303592
1.00238 0.996432 -0.00316309
1.00223 0.996296 -0.00305447
1.0021 0.996405 -0.0030702
1.00245 0.99649 -0.00284856
1.00261 0.996636 -0.00266552
1.00248 0.996356 -0.00273849
1.00242 0.996612 -0.00287971
1.00251 0.996425 -0.00279723
1.00213 0.996554 -0.00266953
1.00226 0.996777 -0.00240792
1.00216 0.996964 -0.00218871
1.00208 0.997118 -0.00230719
1.00235 0.996993 -0.00216601
1.00281 0.99694 -0.00197018
1.00284 0.996667 -0.00187247
1.00273 0.996899 -0.00185187
1.00294 0.996532 -0.00202669
1.00276 0.996754 -0.00204997
1.00284 0.996695 -0.00198628
1.0031 0.996805 -0.00200911
1.00284 0.997003 -0.00191352
1.00285 0.996674 -0.00178474
1.00296 0.996703 -0.00176466
1.0031 0.996835 -0.00154161
1.0034 0.996797 -0.00173774
1.00313 0.996494 -0.00187088
1.00339 0.996278 -0.00244488
1.00322 0.996253 -0.00231669
1.00358 0.996115 -0.00226306
1.00377 0.996059 -0.00244871
1.00389 0.995667 -0.00253058
1.00399 0.995604 -0.00260391
1.0037 0.995483 -0.0026003
1.00363 0.995427 -0.0026037
1.00347 0.995758 -0.00271331
1.00357 0.995558 -0.00292202
1.00395 0.995154 -0.0029666
1.00392 0.995156 -0.00305269
1.00405 0.994913 -0.00305672
1.00419 0.995085 -0.00289389
1.00404 0.994841 -0.0029605
1.00429 0.994993 -0.00287089
1.00408 0.995096 -0.00298385
1.00363 0.99473 -0.00280727
1.00355 0.99436 -0.00273636
1.00344 0.994138 -0.00256729
1.00349 0.994029 -0.00256193
1.00326 0.993758 -0.00252428
1.00283 0.993798 -0.00230215
1.00303 0.993588 -0.00222634
1.00273 0.993487 -0.00237254
1.00278 0.993216 -0.00270013
1.00262 0.993358 -0.00263886
1.0024 0.993503 -0.00249275
1.00265 0.993803 -0.00237686
1.00262 0.993669 -0.00252964
1.00251 0.993696 -0.00254894
1.00233 0.993594 -0.00254803
1.00236 0.993577 -0.00244586
1.00215 0.993774 -0.00237928
1.00206 0.993728 -0.00242605
1.00216 0.99371 -0.0024384
1.00188 0.993801 -0.00239754
1.00179 0.99413 -0.00224077
1.00163 0.993897 -0.0021623
1.00161 0.993536 -0.00233671
1.00152 0.993778 -0.00217207
1.0015 0.994244 -0.00225442
1.00157 0.99396 -0.00238821
1.00144 0.993938 -0.0026253
1.00136 0.993742 -0.00257625
1.00135 0.994013 -0.00256489
